evid year month day hour minutes seconds latitude longitude depth mag #pairs #difftimes ex ey ez et rms_phase rms_xcor loc_code
0000000033 2020 8 7 12 47 18.250 36.45440 -81.09211 14.278 NM 2 8 608.27 651.23 0.00 157.443 0.000 0.427 3
0000000038 2020 8 7 20 45 33.706 37.38947 -81.41000 0.021 NM 4 24 559.68 473.82 17.15 342.046 0.000 9.000 3
0000000039 2020 8 7 23 6 47.797 36.48901 -81.18600 0.997 NM 5 20 680.64 711.26 0.00 288.977 0.000 0.414 3
0000000053 2020 8 8 12 35 22.492 36.45823 -81.10140 13.924 1.51 55 293 217.92 357.75 668.19 28.733 0.000 2.675 3
0000000054 2020 8 8 12 37 5.341 36.45220 -81.08848 11.528 1.64 2 8 709.28 808.39 154.69 131.595 0.000 0.209 3
0000000055 2020 8 8 12 38 36.798 36.45017 -81.08813 12.778 1.15 2 8 563.27 800.56 378.22 43.563 0.000 0.205 3
0000000057 2020 8 8 13 21 58.517 36.47808 -81.10750 6.091 0.62 18 125 521.09 497.62 677.54 93.398 0.000 4.936 3
0000000064 2020 8 8 19 16 56.828 36.48992 -81.12515 6.997 NM 10 57 483.12 532.45 394.97 73.710 0.000 4.756 3
0000000066 2020 8 8 20 42 30.001 36.48141 -81.10738 0.974 1.83 73 466 162.56 151.89 1.60 36.525 0.000 2.560 3
0000000067 2020 8 8 23 49 4.222 36.49123 -81.09209 11.134 NM 4 23 642.57 597.16 891.57 176.346 0.000 0.459 3
0000000068 2020 8 9 0 23 1.792 36.44168 -81.08850 14.512 NM 6 24 741.26 811.70 111.62 93.646 0.000 0.391 3
0000000070 2020 8 9 0 33 51.795 36.46199 -81.11476 7.483 NM 12 70 418.03 549.59 725.58 122.507 0.000 0.882 3
0000000072 2020 8 9 4 43 39.173 36.48001 -81.10355 5.996 1.76 90 896 168.06 192.72 297.85 30.277 0.000 2.873 3
0000000073 2020 8 9 5 57 15.553 36.46945 -81.10855 8.987 3.13 102 1262 153.28 131.81 0.44 12.474 0.000 6.882 3
0000000074 2020 8 9 6 2 15.099 36.47806 -81.10341 14.996 1.96 74 511 80.68 148.30 0.59 11.772 0.000 2.979 3
0000000076 2020 8 9 6 6 54.926 36.47108 -81.10732 0.977 1.99 93 939 163.31 156.59 3.12 50.310 0.000 2.116 3
0000000078 2020 8 9 8 47 3.106 36.49108 -81.09957 0.913 NM 7 33 827.20 300.77 38.99 940.773 0.000 0.801 3
0000000080 2020 8 9 11 40 7.246 36.50306 -81.00659 0.985 NM 2 8 887.93 869.73 309.40 987.542 0.000 0.723 3
0000000083 2020 8 9 12 7 36.685 36.45864 -81.13890 19.130 5.10 71 894 29.47 173.06 0.00 46.243 0.000 9.000 3
0000000102 2020 8 9 12 28 1.293 36.46461 -81.08965 2.382 0.97 11 65 619.34 825.53 893.99 103.017 0.000 0.787 3
0000000103 2020 8 9 12 31 34.961 36.47625 -81.14188 11.747 NM 2 9 830.83 781.23 797.10 141.388 0.000 0.655 3
0000000105 2020 8 9 13 32 28.167 36.46975 -81.09023 4.997 1.02 13 85 703.33 378.81 18.46 110.867 0.000 0.836 3
0000000106 2020 8 9 14 13 28.204 36.48651 -81.13184 -1.003 NM 2 9 845.19 789.55 25.37 432.354 0.000 0.529 3
0000000107 2020 8 9 15 45 56.179 36.50280 -81.12318 1.244 1.80 52 296 197.89 253.03 465.49 44.594 0.000 0.418 3
0000000109 2020 8 9 15 58 34.431 36.46754 -81.06071 6.234 1.72 67 431 321.58 293.14 0.00 67.495 0.000 0.440 3
0000000110 2020 8 9 17 4 23.076 36.48189 -81.12154 0.997 NM 2 8 817.63 853.38 402.69 382.245 0.000 0.643 3
0000000111 2020 8 9 17 14 31.370 36.47858 -81.09185 9.997 NM 16 92 275.06 574.27 599.35 109.250 0.000 4.000 3
0000000222 2020 8 10 0 58 47.976 36.47401 -81.09675 9.600 1.23 17 113 564.61 669.23 837.09 86.857 0.000 4.194 3
0000000360 2020 8 10 5 47 17.884 36.45674 -81.12128 12.386 1.12 8 40 428.39 736.30 915.62 109.951 0.000 0.784 3
0000000362 2020 8 10 8 21 0.976 36.47802 -81.12714 12.749 1.10 4 27 483.87 690.94 609.54 109.489 0.000 0.713 3
0000000363 2020 8 10 8 43 5.905 36.46456 -81.12102 11.020 2.15 83 941 177.64 278.17 5.63 42.409 0.000 6.122 3
0000000364 2020 8 10 8 44 37.850 36.44613 -81.08997 11.996 NM 3 20 867.26 968.43 899.82 219.492 0.000 0.938 3
0000000365 2020 8 10 9 40 41.465 36.46518 -81.10687 14.020 NM 7 42 640.37 742.68 414.78 112.863 0.000 5.417 3
0000000366 2020 8 10 10 9 13.699 36.45845 -81.10947 12.997 1.41 12 101 740.16 631.61 489.18 73.315 0.000 8.135 3
0000000367 2020 8 10 11 10 3.097 36.45605 -81.13268 0.973 2.21 78 774 73.02 138.01 3.16 59.086 0.000 4.168 3
0000000372 2020 8 10 14 20 49.326 36.39833 -81.06639 22.057 NM 2 16 545.42 732.20 814.63 174.499 0.000 9.000 3
0000000384 2020 8 10 21 33 37.753 36.49211 -81.11194 9.997 1.89 71 519 237.92 208.11 224.71 43.225 0.000 1.731 3
0000000515 2020 8 11 6 11 46.042 36.47866 -81.09476 0.760 0.91 338 1324 0.43 0.27 2.59 27.003 0.000 0.270 3
0000000577 2020 8 11 9 13 54.544 36.49825 -81.07548 0.984 1.57 5 25 534.47 414.17 6.26 116.395 0.000 0.355 3
0000000607 2020 8 11 10 50 16.784 36.47537 -81.08744 2.390 2.22 416 2361 49.27 190.06 64.00 10.183 0.000 1.744 3
0000000672 2020 8 11 20 45 26.157 36.48052 -81.08884 1.673 3.00 113 1309 66.54 123.42 37.71 15.301 0.000 6.618 3
0000000711 2020 8 12 0 20 0.430 36.49994 -81.08464 1.758 2.15 427 2646 18.56 60.57 63.72 7.138 0.000 1.928 3
0000000725 2020 8 12 1 33 56.742 36.51015 -81.08852 0.660 NM 364 1899 22.42 21.34 2.40 25.827 0.000 0.248 3
0000000745 2020 8 12 3 4 18.884 36.47343 -81.09090 0.813 0.97 338 1376 35.24 40.54 3.38 34.538 0.000 0.271 3
0000000748 2020 8 12 3 9 11.704 36.47296 -81.10879 2.598 NM 336 1368 19.68 69.73 31.29 6.069 0.000 0.263 3
0000000763 2020 8 12 3 30 6.971 36.48559 -81.10572 1.661 -1.23 338 1376 27.27 100.52 47.67 4.684 0.000 0.271 3
0000000788 2020 8 12 5 37 26.000 36.50155 -81.10517 0.922 NM 336 1368 50.82 48.08 8.06 79.569 0.000 0.267 3
0000000796 2020 8 12 6 4 51.279 36.46951 -81.09438 0.374 NM 338 1376 42.52 45.00 3.86 40.793 0.000 0.292 3
0000000800 2020 8 12 6 11 44.956 36.49478 -81.07877 0.976 1.45 439 2784 14.79 35.65 0.81 10.286 0.000 1.126 3
0000000827 2020 8 12 7 45 22.108 36.49123 -81.08614 2.761 0.40 370 1942 14.07 56.34 24.83 8.047 0.000 0.238 3
0000000831 2020 8 12 8 9 27.507 36.51746 -81.10365 0.960 1.18 382 2077 15.72 28.54 1.25 12.756 0.000 0.261 3
0000000835 2020 8 12 8 21 5.700 36.52617 -81.11810 0.809 0.25 354 1630 20.47 24.82 1.44 16.038 0.000 0.246 3
0000000844 2020 8 12 8 52 35.840 36.56108 -81.01053 0.355 -0.41 350 1521 173.40 0.00 1.45 11.082 0.000 0.271 3
0000000870 2020 8 12 12 52 24.414 36.49481 -81.07864 0.918 NM 338 1376 36.63 40.91 0.63 7.606 0.000 0.270 3
0000000885 2020 8 12 16 14 47.998 36.47202 -81.09646 0.941 0.51 367 1925 14.75 16.02 5.78 61.174 0.000 0.244 3
0000000902 2020 8 12 20 20 46.365 36.49810 -81.10297 1.376 -0.39 6 24 593.49 678.53 400.48 1126.657 0.000 0.902 3
0000000903 2020 8 12 20 24 43.727 37.85968 -82.07416 16.559 NM 8 32 592.34 396.54 17.38 163.658 0.000 2.635 3
0000000914 2020 8 12 23 52 50.295 36.48616 -81.04881 -0.689 NM 4 16 543.22 565.64 301.83 2961.898 0.000 0.720 3
0000000915 2020 8 12 23 58 32.727 36.48017 -81.08829 2.040 -2.63 14 56 45.84 50.33 109.66 18.556 0.000 0.387 3
0000000917 2020 8 13 0 29 21.812 36.47791 -81.09482 0.998 -2.05 2 8 919.22 673.44 515.02 3108.421 0.000 1.181 3
0000000919 2020 8 13 0 54 26.844 36.48932 -81.07588 0.997 0.11 457 3105 19.87 5.41 0.00 1.266 0.000 0.251 3
0000000920 2020 8 13 0 59 34.886 36.52182 -81.09904 0.997 NM 11 44 853.85 751.45 278.61 3129.537 0.000 0.651 3
0000000925 2020 8 13 1 43 20.243 36.48772 -81.07713 -0.953 -0.35 448 2877 18.99 7.16 2.06 21.183 0.000 0.244 3
0000000933 2020 8 13 2 37 45.525 36.48412 -81.10616 0.997 NM 2 8 696.92 499.99 224.71 180.035 0.000 0.912 3
0000000934 2020 8 13 3 3 0.114 36.48552 -81.15420 9.689 NM 15 60 779.55 713.45 650.20 105.979 0.000 0.448 3
0000000935 2020 8 13 3 12 54.260 36.55569 -80.94099 -0.166 0.35 420 2823 0.68 0.42 2.90 38.615 0.000 0.533 3
0000000938 2020 8 13 3 15 34.715 36.50772 -81.10919 0.997 -1.67 5 20 483.73 577.33 296.96 159.604 0.000 0.549 3
0000000941 2020 8 13 3 37 8.539 36.48005 -81.10030 2.471 -0.96 372 2056 19.63 18.76 21.96 4.124 0.000 0.252 3
0000000948 2020 8 13 4 4 11.221 36.50805 -81.06242 7.680 -0.36 4 16 374.71 978.95 804.71 93.260 0.000 0.583 3
0000000952 2020 8 13 4 22 3.882 36.50605 -81.10466 2.338 NM 372 2054 15.51 17.40 27.37 2.014 0.000 0.248 3
0000000953 2020 8 13 4 27 9.260 36.50397 -81.11406 2.029 NM 372 2054 14.55 12.54 33.93 2.437 0.000 0.249 3
0000000956 2020 8 13 4 38 31.083 36.45356 -81.10568 0.997 NM 2 8 333.67 780.34 300.26 3563.329 0.000 0.934 3
0000000958 2020 8 13 4 43 3.720 36.50671 -81.11368 2.940 0.49 483 3290 18.73 20.38 33.66 2.042 0.000 0.240 3
0000000960 2020 8 13 5 20 24.264 36.39081 -81.02570 0.713 NM 7 28 786.27 838.56 245.84 3420.086 0.000 0.709 3
0000000962 2020 8 13 5 24 1.887 36.49132 -81.07231 2.826 -1.65 10 40 417.82 637.15 558.80 118.266 0.000 0.764 3
0000000964 2020 8 13 5 53 49.326 36.45620 -81.10074 0.997 NM 372 2052 11.89 20.12 0.00 4.222 0.000 0.251 3
0000000966 2020 8 13 6 6 19.698 36.46191 -81.06133 -0.196 NM 10 40 613.09 823.64 344.33 2729.025 0.000 0.825 3
0000000981 2020 8 13 8 32 43.794 36.45607 -81.10552 0.997 -0.63 2 8 572.23 892.78 187.21 171.174 0.000 0.514 3
0000000985 2020 8 13 9 3 43.810 36.49443 -81.06856 5.008 -0.18 456 2495 80.20 93.50 0.00 7.164 0.000 0.742 3
0000000986 2020 8 13 9 3 54.241 36.49772 -81.06171 7.944 -0.45 2 8 708.38 832.85 745.26 178.849 0.000 0.107 3
0000000987 2020 8 13 9 5 3.232 36.47980 -81.05405 8.694 -0.55 2 8 978.46 915.54 632.65 428.934 0.000 0.489 3
0000000989 2020 8 13 9 15 16.785 36.48474 -81.10387 0.999 NM 2 8 633.66 762.11 312.66 3148.150 0.000 0.424 3
0000000992 2020 8 13 9 34 2.722 36.44331 -81.02966 -1.003 NM 4 16 893.03 831.28 265.51 2965.586 0.000 0.819 3
0000000993 2020 8 13 9 42 32.942 36.50341 -81.01712 0.998 NM 6 24 787.19 891.64 389.96 4718.390 0.000 1.065 3
0000000997 2020 8 13 10 13 42.102 36.46069 -81.10201 0.774 -1.22 23 88 734.63 625.95 63.80 798.648 0.000 0.574 3
0000001001 2020 8 13 10 35 20.821 36.49763 -81.07282 6.225 0.61 451 2405 78.13 109.93 0.00 3.710 0.000 0.668 3
0000001002 2020 8 13 10 37 4.887 36.49992 -81.06638 7.194 -0.26 2 8 456.83 402.37 607.28 189.112 0.000 0.054 3
0000001005 2020 8 13 11 4 45.756 36.48559 -81.07391 -1.003 -0.07 30 120 120.22 66.88 10.01 105.501 0.000 0.339 3
0000001010 2020 8 13 12 20 50.649 36.46519 -81.10027 1.646 NM 372 2183 14.46 27.19 15.19 3.345 0.000 0.246 3
0000001026 2020 8 13 17 40 52.399 36.47749 -81.11831 0.997 -0.66 445 3040 81.51 96.08 0.00 6.020 0.000 0.306 3
0000001037 2020 8 13 20 0 35.136 36.49051 -81.09570 0.997 -1.46 17 68 204.16 189.33 0.00 25.351 0.000 0.469 3
0000001038 2020 8 13 20 20 16.644 36.50557 -81.11193 1.015 NM 348 1765 33.04 24.09 59.01 50.213 0.000 0.224 3
0000001045 2020 8 13 21 23 50.444 36.49411 -81.05871 6.994 -0.28 2 8 715.74 808.97 614.15 113.382 0.000 0.480 3
0000001052 2020 8 13 22 2 58.660 36.48806 -81.07644 -1.003 NM 8 32 241.60 158.77 19.63 206.709 0.000 0.314 3
0000001053 2020 8 13 22 20 50.571 36.47498 -81.09506 3.405 -0.11 416 2840 14.32 27.14 26.01 6.446 0.000 0.234 3
0000001054 2020 8 13 22 21 20.220 36.56021 -81.13692 -0.128 NM 4 16 890.74 887.98 284.79 3753.178 0.000 0.893 3
0000001055 2020 8 13 22 22 47.133 36.45846 -81.09655 0.765 -0.19 4 16 722.87 663.16 150.14 1390.438 0.000 1.130 3
0000001056 2020 8 13 22 27 41.774 36.46915 -81.11267 -0.605 -0.55 28 108 464.23 333.70 81.47 965.314 0.000 0.712 3
0000001060 2020 8 13 23 36 11.239 36.49868 -81.06284 2.538 NM 29 116 440.87 667.37 647.97 202.017 0.000 0.577 3
0000001061 2020 8 13 23 42 21.631 36.46303 -81.11269 0.973 1.36 416 2809 26.89 257.78 1.65 18.431 0.000 0.410 3
0000001064 2020 8 13 23 54 19.466 36.47925 -81.08342 0.926 NM 3 12 875.20 884.21 109.43 616.469 0.000 0.576 3
0000001068 2020 8 14 1 9 38.280 36.49636 -81.07740 0.997 -1.72 11 44 331.57 725.79 0.00 136.604 0.000 0.841 3
0000001069 2020 8 14 1 10 42.486 36.51180 -81.14009 0.997 NM 3 12 874.28 893.52 0.00 399.331 0.000 0.559 3
0000001070 2020 8 14 1 16 43.385 36.48598 -81.13581 -0.750 NM 5 20 468.91 636.58 97.63 1081.702 0.000 0.828 3
0000001071 2020 8 14 1 18 2.381 36.51133 -81.12344 0.997 NM 3 12 657.31 465.02 240.06 1140.386 0.000 0.905 3
0000001081 2020 8 14 2 15 7.588 36.48029 -81.08685 1.517 -0.79 374 2070 17.27 13.33 17.85 4.133 0.000 0.254 3
0000001083 2020 8 14 2 16 20.014 36.48782 -81.05866 0.997 -0.88 8 32 451.62 156.39 41.75 299.973 0.000 0.754 3
0000001089 2020 8 14 2 53 42.720 36.48094 -81.05184 6.342 -2.28 5 20 798.92 595.12 727.84 159.633 0.000 0.823 3
0000001090 2020 8 14 3 1 54.505 36.51385 -81.13660 0.997 -1.48 8 32 800.88 620.04 294.29 3185.475 0.000 0.780 3
0000001113 2020 8 14 6 37 34.095 36.49669 -81.06421 6.725 0.16 2 8 575.65 335.21 444.68 134.106 0.000 0.068 3
0000001120 2020 8 14 7 25 0.229 36.50402 -81.11197 0.975 -0.28 385 2476 5.69 8.76 2.81 31.096 0.000 0.436 3
0000001121 2020 8 14 7 27 39.171 36.46927 -81.10033 2.375 -0.13 408 2783 15.84 16.72 24.98 4.783 0.000 0.235 3
0000001126 2020 8 14 7 42 49.839 36.46832 -81.10121 2.242 0.53 425 2891 10.54 18.43 14.07 2.156 0.000 0.235 3
0000001131 2020 8 14 8 5 46.554 36.47434 -81.10555 2.226 -0.81 372 2056 17.00 21.26 20.16 4.685 0.000 0.251 3
0000001134 2020 8 14 8 16 3.855 36.51567 -81.13084 0.808 -1.14 2 8 731.99 656.49 349.41 2207.701 0.000 0.400 3
0000001160 2020 8 14 10 26 13.562 36.49741 -81.06136 6.725 -0.32 2 8 553.37 607.75 685.91 142.763 0.000 0.070 3
0000001169 2020 8 14 12 11 41.083 36.46480 -81.09616 -1.003 0.09 353 1930 6.57 15.42 0.00 1.914 0.000 0.230 3
0000001174 2020 8 14 13 5 6.649 36.49150 -81.10009 3.070 -0.86 372 2328 16.30 27.31 29.57 5.108 0.000 0.243 3
0000001175 2020 8 14 13 22 28.540 36.49564 -81.11092 1.003 NM 4 16 692.27 453.56 535.15 2838.966 0.000 0.527 3
0000001178 2020 8 14 15 4 53.579 36.39053 -80.62662 16.892 NM 2 8 785.05 654.85 623.41 79.737 0.000 0.190 3
0000001181 2020 8 14 16 8 32.724 36.51785 -81.11132 0.878 -0.66 461 3156 19.27 20.84 2.76 32.278 0.000 0.287 3
0000001182 2020 8 14 16 38 9.685 36.48425 -81.07627 -0.900 -0.55 457 3117 24.21 10.43 3.47 34.986 0.000 0.286 3
0000001190 2020 8 14 18 40 8.617 36.49691 -81.11600 3.258 -0.66 453 3117 20.64 26.16 48.71 6.294 0.000 0.237 3
0000001194 2020 8 14 19 37 40.234 36.49871 -81.12268 1.747 -0.51 452 3127 9.04 12.39 41.93 2.104 0.000 0.232 3
0000001199 2020 8 14 20 8 15.936 36.49931 -81.13857 -1.003 -0.41 5 20 645.12 838.80 339.58 3825.858 0.000 0.615 3
0000001201 2020 8 14 20 18 4.630 36.50957 -81.13255 0.840 -0.51 384 2493 55.03 15.84 8.04 81.096 0.000 0.279 3
0000001217 2020 8 15 0 3 18.953 36.49603 -81.01382 5.962 NM 5 20 842.34 743.09 674.69 182.219 0.000 0.430 3
0000001224 2020 8 15 1 3 49.199 36.48769 -81.10884 0.997 NM 3 12 593.35 680.40 9.67 76.346 0.000 1.057 3
0000001244 2020 8 15 3 33 8.435 36.50745 -81.12274 0.814 NM 474 3258 21.04 40.83 17.71 188.595 0.000 0.289 3
0000001246 2020 8 15 3 45 54.847 36.48088 -81.09063 2.458 NM 334 1591 49.23 47.21 37.42 10.577 0.000 0.267 3
0000001266 2020 8 15 6 27 22.034 36.41881 -81.07379 -0.378 NM 372 2062 0.68 154.91 44.35 499.576 0.000 0.461 3
0000001269 2020 8 15 7 25 41.047 36.46703 -81.02404 1.000 -0.09 9 42 572.21 732.08 448.81 242.627 0.000 0.937 3
0000001272 2020 8 15 7 41 28.578 36.49089 -81.08587 0.955 1.31 533 3957 40.40 32.94 1.34 15.860 0.000 0.338 3
0000001277 2020 8 15 8 32 47.419 36.48804 -81.07901 2.560 -1.32 3 12 594.94 191.30 422.03 106.053 0.000 0.282 3
0000001278 2020 8 15 8 37 29.991 36.52007 -81.19866 0.919 -1.56 3 12 803.58 366.43 195.52 2772.057 0.000 0.406 3
0000001284 2020 8 15 10 0 47.946 36.52148 -81.13285 0.736 -0.95 427 2914 35.37 28.62 4.30 51.892 0.000 0.238 3
0000001320 2020 8 15 16 19 1.378 36.48132 -81.08282 1.946 -0.61 372 2330 12.68 6.61 8.10 1.902 0.000 0.239 3
0000001321 2020 8 15 16 45 31.847 36.50589 -81.10213 3.119 -0.35 454 3117 23.39 34.77 20.68 2.816 0.000 0.244 3
0000001322 2020 8 15 17 8 7.561 36.50217 -81.12305 1.996 -0.75 372 2328 19.06 21.54 63.66 4.138 0.000 0.239 3
0000001332 2020 8 15 19 45 29.512 36.54460 -81.09998 0.608 -0.31 459 3095 37.40 37.47 2.17 23.456 0.000 0.242 3
0000001334 2020 8 15 19 58 55.526 36.42825 -81.00548 -0.274 -0.71 9 36 895.45 858.82 153.58 1700.283 0.000 0.670 3
0000001335 2020 8 15 20 9 23.382 36.50826 -81.10366 0.747 -1.75 5 20 564.53 689.98 255.09 1022.211 0.000 0.394 3
0000001340 2020 8 15 21 24 29.644 36.50648 -81.11338 3.035 0.26 488 3365 15.22 19.20 21.35 2.609 0.000 0.240 3
0000001347 2020 8 16 0 19 29.785 36.48450 -81.07679 0.997 NM 372 2068 19.50 6.50 0.00 1.948 0.000 0.255 3
0000001355 2020 8 16 2 22 5.462 36.46432 -81.19562 -0.225 NM 2 8 580.40 746.88 231.55 2126.940 0.000 0.359 3
0000001356 2020 8 16 2 48 1.947 36.46843 -81.10776 2.265 NM 372 2066 12.01 17.04 13.73 3.318 0.000 0.250 3
0000001363 2020 8 16 3 18 23.497 36.47790 -81.09069 2.678 -0.20 490 3383 12.97 9.28 10.94 1.959 0.000 0.235 3
0000001405 2020 8 16 9 31 49.329 36.46891 -81.07584 1.504 -0.49 2 8 595.76 292.77 480.12 209.805 0.000 0.134 3
0000001417 2020 8 16 11 24 3.192 36.40002 -81.01942 -0.429 -1.19 3 12 481.06 399.93 152.15 2046.295 0.000 0.613 3
0000001427 2020 8 16 12 21 57.241 36.47181 -81.07249 0.981 NM 3 12 828.59 827.35 163.27 282.531 0.000 0.696 3
0000001431 2020 8 16 12 44 38.421 36.46967 -81.10104 2.726 -0.80 372 2328 7.56 13.95 14.18 2.763 0.000 0.236 3
0000001432 2020 8 16 13 2 16.175 36.47000 -81.10287 2.544 -0.15 453 3116 11.26 13.10 10.88 1.961 0.000 0.283 3
0000001434 2020 8 16 13 58 11.737 36.50914 -81.11705 0.821 -0.90 6 24 356.32 241.69 125.32 1402.197 0.000 0.474 3
0000001454 2020 8 16 20 45 51.630 36.50063 -81.10415 0.759 -0.18 423 2757 9.24 11.83 3.45 37.846 0.000 0.406 3
0000001460 2020 8 16 22 40 15.363 36.50351 -81.11068 0.997 0.14 454 3114 7.63 5.43 0.00 1.342 0.000 0.346 3
0000001461 2020 8 16 22 52 52.744 36.49792 -81.11426 0.997 -0.37 471 3244 40.25 63.15 0.00 6.990 0.000 0.266 3
0000001470 2020 8 17 1 58 22.222 36.50790 -81.12193 1.997 1.16 467 3356 8.51 20.36 35.08 4.807 0.000 0.245 3
0000001471 2020 8 17 2 4 11.610 36.42937 -80.97095 0.323 -0.63 372 2064 52.70 48.75 0.65 8.820 0.000 0.253 3
0000001472 2020 8 17 2 21 58.625 36.47802 -81.08466 2.173 -0.25 372 2066 22.75 18.96 16.73 5.516 0.000 0.251 3
0000001482 2020 8 17 4 20 59.719 36.49027 -81.12225 0.931 -0.22 430 2931 33.36 47.73 4.63 52.705 0.000 0.260 3
0000001489 2020 8 17 5 24 46.141 36.46208 -81.09733 2.506 -0.82 372 2064 19.40 25.17 12.36 4.871 0.000 0.247 3
0000001505 2020 8 17 8 1 22.314 36.48328 -81.07824 1.492 -0.27 417 2705 13.29 11.32 13.88 2.083 0.000 0.337 3
0000001516 2020 8 17 9 34 39.700 36.47928 -81.08558 1.986 0.14 470 3238 10.03 7.85 7.08 1.730 0.000 0.238 3
0000001518 2020 8 17 9 58 36.625 36.49603 -81.10226 3.667 NM 4 16 732.20 372.39 642.62 180.221 0.000 0.506 3
0000001531 2020 8 17 15 52 13.769 36.47421 -81.11617 0.997 -0.03 32 128 402.52 541.28 297.89 57.735 0.000 0.704 3
0000001536 2020 8 17 17 23 10.127 36.48473 -81.07659 -0.824 -1.31 4 16 234.59 165.84 77.94 847.067 0.000 0.136 3
0000001549 2020 8 17 23 54 40.944 36.50560 -81.11811 0.997 -2.66 18 68 126.12 679.12 0.00 158.799 0.000 0.581 3
0000001553 2020 8 18 0 46 50.921 36.54972 -81.21027 0.997 NM 2 8 963.66 891.65 175.40 1046.375 0.000 0.976 3
0000001557 2020 8 18 2 2 40.875 36.47517 -81.08502 2.132 NM 372 2066 23.61 12.53 18.48 5.190 0.000 0.250 3
0000001558 2020 8 18 2 53 30.753 36.56202 -81.15389 0.997 -1.52 2 8 997.32 915.54 0.00 291.161 0.000 0.862 3
0000001564 2020 8 18 4 49 55.014 36.54236 -81.08909 0.997 NM 2 8 774.70 829.44 397.97 207.069 0.000 0.776 3
0000001575 2020 8 18 6 33 44.985 36.50278 -81.10300 2.790 -0.11 445 3005 12.66 13.57 19.05 1.513 0.000 0.231 3
0000001577 2020 8 18 6 54 42.070 36.48117 -81.08405 2.581 0.07 440 3006 7.34 11.29 5.82 1.788 0.000 0.236 3
0000001579 2020 8 18 7 54 16.253 36.47247 -81.11500 0.997 -1.29 2 8 417.09 472.36 187.97 108.033 0.000 0.226 3
0000001584 2020 8 18 8 15 50.381 36.49773 -81.12326 3.300 -0.59 382 2469 18.23 12.32 46.09 6.535 0.000 0.575 3
0000001593 2020 8 18 10 0 41.075 36.48945 -81.10261 1.091 0.08 446 3050 8.15 4.83 13.89 1.806 0.000 0.251 3
0000001602 2020 8 18 11 5 12.682 36.51947 -81.15441 0.997 -0.83 2 8 805.40 549.48 442.41 3366.118 0.000 0.437 3
0000001605 2020 8 18 11 41 38.764 36.51665 -81.15945 0.997 -0.62 6 24 821.27 485.06 0.29 221.774 0.000 0.404 3
0000001606 2020 8 18 11 47 9.142 36.47314 -81.07721 2.219 -0.36 366 2136 8.57 9.89 11.00 2.038 0.000 0.239 3
0000001607 2020 8 18 11 49 41.998 36.51221 -81.12656 0.884 -0.11 480 3298 4.79 8.50 1.72 18.445 0.000 0.257 3
0000001610 2020 8 18 12 5 11.868 36.51621 -81.12843 0.861 -0.70 353 2121 7.89 12.00 2.74 29.867 0.000 0.217 3
0000001612 2020 8 18 12 13 14.230 36.51727 -81.12823 0.849 -0.27 353 2121 10.19 14.29 2.91 32.005 0.000 0.217 3
0000001613 2020 8 18 12 24 12.518 36.48911 -81.10220 1.189 -0.60 388 2521 12.67 10.37 22.21 1.933 0.000 0.434 3
0000001617 2020 8 18 12 31 32.080 36.54009 -81.17009 -1.003 -1.87 2 8 564.77 756.68 0.00 354.628 0.000 0.664 3
0000001620 2020 8 18 12 41 32.803 36.48927 -81.09899 1.960 0.46 18 68 435.23 198.93 472.43 84.332 0.000 0.542 3
0000001621 2020 8 18 13 3 53.468 36.49789 -81.09128 2.053 -0.37 469 3223 24.69 13.44 21.67 2.821 0.000 0.240 3
0000001622 2020 8 18 13 37 53.261 36.48133 -81.08439 2.230 0.10 443 3038 11.61 7.54 8.90 1.966 0.000 0.230 3
0000001630 2020 8 18 15 52 45.726 36.50142 -81.11519 0.997 -0.40 448 3073 6.09 7.08 0.00 1.153 0.000 0.390 3
0000001632 2020 8 18 16 18 49.763 36.50864 -81.13095 3.651 -1.38 10 40 757.94 297.42 658.24 201.426 0.000 0.559 3
0000001636 2020 8 18 17 41 21.639 36.47591 -81.09436 2.859 -0.32 424 2913 8.55 8.09 12.66 2.300 0.000 0.223 3
0000001642 2020 8 18 21 22 35.390 36.42413 -80.98274 0.998 -1.34 4 16 846.68 743.46 489.42 264.351 0.000 0.863 3
0000001649 2020 8 18 22 16 26.244 36.42560 -81.08038 0.488 -1.39 2 8 880.61 832.08 193.59 2369.843 0.000 0.239 3
0000001658 2020 8 18 23 14 45.951 36.48307 -81.14891 -0.184 -1.44 4 16 752.60 648.89 521.25 4395.946 0.000 0.935 3
0000001679 2020 8 19 3 24 46.653 36.47521 -81.12157 0.889 -0.34 4 16 585.00 689.54 297.07 3178.649 0.000 0.682 3
0000001680 2020 8 19 3 39 6.690 36.48373 -81.09978 1.512 NM 372 2068 27.70 32.92 39.46 6.664 0.000 0.258 3
0000001681 2020 8 19 3 46 6.619 36.47529 -81.08730 2.812 -0.51 372 2194 54.61 58.18 15.81 8.085 0.000 0.262 3
0000001685 2020 8 19 4 2 48.167 36.54923 -81.16465 0.997 -0.84 17 68 736.19 601.31 397.03 3974.070 0.000 0.767 3
0000001687 2020 8 19 4 22 41.499 36.47760 -81.08920 2.455 -0.84 422 2570 35.01 34.92 9.83 4.861 0.000 0.429 3
0000001690 2020 8 19 6 5 46.178 36.43029 -81.14249 -0.616 -1.79 5 20 435.28 946.63 158.46 1934.661 0.000 0.633 3
0000001707 2020 8 19 9 7 11.797 36.47866 -81.08528 2.397 -0.32 401 2603 26.58 21.18 35.46 7.387 0.000 0.248 3
0000001732 2020 8 19 17 36 34.749 36.50392 -81.12006 0.997 -0.40 358 2068 16.28 10.27 0.00 3.983 0.000 0.306 3
0000001738 2020 8 19 20 38 33.699 37.85444 -82.34233 5.107 NM 2 8 397.29 378.55 404.26 326.703 0.000 0.659 3
0000001741 2020 8 19 21 57 59.469 36.41556 -81.11076 21.932 NM 6 30 314.70 577.10 485.12 118.388 0.000 9.000 3
0000001744 2020 8 19 23 12 43.738 36.47795 -81.09659 0.997 -0.48 2 8 843.77 704.07 0.29 208.389 0.000 0.914 3
0000001745 2020 8 19 23 23 49.290 38.00597 -82.30285 41.331 NM 4 16 0.00 0.42 0.00 286.587 0.000 3.617 3
0000001752 2020 8 20 2 5 35.268 36.50280 -81.10078 3.061 -0.95 409 2665 13.74 10.80 21.29 3.134 0.000 0.239 3
0000001754 2020 8 20 3 35 5.934 36.48147 -81.11016 0.997 NM 431 2955 16.21 29.46 0.00 2.281 0.000 0.276 3
0000001757 2020 8 20 3 44 37.405 36.46738 -81.10242 1.814 -1.09 372 2330 8.99 17.30 7.84 2.229 0.000 0.239 3
0000001759 2020 8 20 4 3 8.432 36.50143 -81.11494 0.997 0.89 458 3139 6.77 11.22 0.00 1.776 0.000 0.234 3
0000001764 2020 8 20 4 53 56.372 36.51109 -81.13351 0.997 NM 2 8 603.11 859.71 0.29 163.295 0.000 0.850 3
0000001766 2020 8 20 5 35 7.132 36.52465 -81.11203 0.841 NM 353 2121 12.26 12.12 1.91 22.124 0.000 0.217 3
0000001769 2020 8 20 6 2 27.213 36.50392 -81.11650 2.902 -0.47 414 2695 8.25 8.75 18.03 1.729 0.000 0.233 3
0000001777 2020 8 20 7 36 45.394 36.49937 -81.10848 2.577 0.07 374 2342 18.70 14.63 35.55 3.498 0.000 0.236 3
0000001778 2020 8 20 7 47 41.737 36.47259 -81.01270 7.717 -1.73 2 8 863.83 708.52 931.92 264.301 0.000 0.346 3
0000001779 2020 8 20 7 52 7.466 36.48623 -81.08891 2.869 -0.41 395 2560 13.20 10.01 7.87 2.040 0.000 0.258 3
0000001787 2020 8 20 10 40 58.558 36.48487 -81.09448 3.478 -0.37 354 2008 6.20 11.17 21.41 3.556 0.000 0.230 3
0000001794 2020 8 20 12 41 22.380 36.51643 -81.12476 0.897 -0.96 395 2545 9.73 20.85 4.14 44.772 0.000 0.256 3
0000001800 2020 8 20 15 28 42.955 36.47181 -81.09545 2.517 -0.16 446 3040 5.41 9.71 8.84 1.511 0.000 0.247 3
0000001809 2020 8 20 18 55 42.193 36.49369 -81.11261 3.736 -0.57 416 2711 18.68 33.78 49.98 6.173 0.000 0.285 3
0000001813 2020 8 20 20 28 26.470 36.50306 -81.11210 3.694 1.54 370 2310 85.86 82.23 112.50 9.386 0.000 0.238 3
0000001828 2020 8 20 23 31 38.232 36.49062 -81.11668 0.857 -0.67 372 2330 28.39 40.77 3.04 35.144 0.000 0.289 3
0000001831 2020 8 21 0 3 12.519 36.49518 -81.08859 0.997 NM 3 12 679.44 816.81 187.88 1937.481 0.000 0.920 3
0000001850 2020 8 21 4 26 53.152 36.47404 -81.09032 0.807 0.14 398 2706 19.03 10.58 2.48 25.555 0.000 0.266 3
0000001868 2020 8 21 6 25 35.003 36.48132 -81.09331 0.996 NM 2 8 778.16 727.37 298.40 141.776 0.000 0.540 3
0000001872 2020 8 21 7 32 11.002 36.49661 -81.11472 0.997 NM 2 8 530.33 790.25 3.88 205.613 0.000 0.688 3
0000001876 2020 8 21 8 52 41.196 36.47493 -81.08907 1.987 -0.76 372 2330 13.04 12.52 10.63 2.352 0.000 0.239 3
0000001890 2020 8 21 14 44 34.465 36.47749 -81.09059 2.058 1.89 434 3030 24.18 8.28 17.48 3.708 0.000 0.433 3
0000001894 2020 8 21 15 33 58.776 36.47181 -81.10120 2.845 0.27 449 3108 8.70 15.11 15.92 2.226 0.000 0.235 3
0000001902 2020 8 21 18 33 54.019 36.48956 -81.09618 2.997 -0.54 405 2627 155.28 57.62 45.24 6.610 0.000 0.261 3
0000001920 2020 8 21 22 56 38.237 36.49775 -81.11430 3.572 NM 442 3018 8.50 12.51 9.09 1.339 0.000 0.234 3
0000001925 2020 8 22 0 53 35.280 36.49790 -81.07658 0.997 -0.21 406 2498 31.64 51.57 0.00 6.758 0.000 0.306 3
0000001926 2020 8 22 0 59 0.954 36.47926 -81.09367 0.563 NM 354 1832 11.39 7.87 2.85 31.943 0.000 0.289 3
0000001928 2020 8 22 1 9 28.544 36.49421 -81.09033 0.997 NM 6 24 537.66 532.58 81.80 76.997 0.000 0.857 3
0000001938 2020 8 22 4 50 51.880 36.47715 -81.09183 2.269 NM 372 2066 14.72 13.67 5.07 2.247 0.000 0.249 3
0000001947 2020 8 22 6 52 34.119 36.49011 -81.12515 0.997 NM 3 12 421.24 531.18 243.59 105.631 0.000 0.199 3
0000001957 2020 8 22 8 59 51.824 36.52688 -81.05087 -0.498 NM 2 8 7.60 832.18 398.48 4534.745 0.000 0.806 3
0000001962 2020 8 22 11 58 17.677 36.48397 -81.07974 2.262 NM 449 3073 6.68 5.60 7.12 1.238 0.000 0.256 3
0000001970 2020 8 22 15 49 9.849 36.46534 -81.10611 0.997 -0.30 374 2346 6.38 31.30 0.00 2.589 0.000 0.281 3
0000001976 2020 8 22 16 20 0.919 36.53336 -81.12440 0.693 -0.47 356 2130 19.41 39.29 1.41 22.057 0.000 0.226 3
0000001978 2020 8 22 17 26 59.032 36.49999 -81.07967 0.997 -0.05 407 2651 28.77 43.57 0.00 8.876 0.000 0.327 3
0000001991 2020 8 22 21 34 34.462 36.49253 -81.10042 0.997 -0.28 13 52 442.21 305.78 0.00 96.217 0.000 0.658 3
0000001998 2020 8 22 23 57 8.392 36.48453 -81.08984 2.744 2.09 462 3290 10.13 7.11 13.46 3.304 0.000 0.259 3
0000002004 2020 8 23 2 58 18.955 36.72381 -80.61505 7.987 NM 372 2068 0.68 0.42 152.02 796.144 0.000 2.935 3
0000002005 2020 8 23 3 1 5.147 36.46526 -81.10253 2.067 -0.95 372 2324 4.99 10.21 10.33 0.949 0.000 0.230 3
0000002008 2020 8 23 4 8 9.782 36.47677 -81.08861 2.177 0.03 432 2958 6.13 5.13 7.66 1.326 0.000 0.232 3
0000002018 2020 8 23 5 25 42.851 36.50121 -81.07516 0.997 -1.11 364 2120 108.25 91.38 0.00 8.802 0.000 0.372 3
0000002029 2020 8 23 5 55 0.174 36.50298 -81.07265 0.997 -0.36 406 2623 97.59 33.16 0.00 9.861 0.000 0.497 3
0000002033 2020 8 23 6 12 21.489 36.49884 -81.09592 0.997 -0.17 464 3186 22.81 36.71 0.00 2.918 0.000 0.237 3
0000002050 2020 8 23 8 11 0.471 36.42076 -80.99520 0.378 -0.72 372 2064 28.89 46.96 0.48 8.568 0.000 0.246 3
0000002053 2020 8 23 8 56 23.200 36.44428 -81.09651 -1.003 -0.95 364 2143 0.00 0.42 0.00 7.939 0.000 0.360 3
0000002056 2020 8 23 9 7 28.926 36.47528 -81.08891 1.997 -0.79 377 2457 10.61 9.76 5.90 1.787 0.000 0.575 3
0000002062 2020 8 23 10 14 4.585 36.47499 -81.08176 0.997 -0.23 372 2345 10.81 6.24 0.00 0.837 0.000 0.244 3
0000002076 2020 8 23 11 39 21.437 36.47440 -81.09101 2.007 -0.45 389 2537 9.05 8.20 11.77 2.940 0.000 0.505 3
0000002081 2020 8 23 11 57 3.799 36.48711 -81.09698 1.406 NM 372 2079 11.83 10.07 11.56 1.932 0.000 0.248 3
0000002082 2020 8 23 12 7 35.969 36.47989 -81.07452 0.997 NM 2 8 957.01 795.99 299.71 350.171 0.000 1.011 3
0000002086 2020 8 23 13 0 20.861 36.50007 -81.08790 3.046 -0.53 20 80 280.11 915.54 705.70 223.673 0.000 0.666 3
0000002108 2020 8 23 21 18 8.914 36.57269 -81.07173 6.766 NM 2 8 703.90 653.21 920.33 217.505 0.000 0.546 3
0000002112 2020 8 23 22 35 5.931 36.49334 -81.11388 0.997 -1.39 2 8 668.57 614.73 0.00 216.428 0.000 0.758 3
0000002116 2020 8 23 23 6 48.809 36.48596 -81.10184 1.323 NM 372 2079 9.36 10.63 34.52 4.323 0.000 0.250 3
0000002121 2020 8 23 23 44 1.943 36.48722 -81.10328 0.997 -1.56 8 32 515.04 470.30 0.29 68.315 0.000 0.791 3
0000002123 2020 8 23 23 55 48.387 36.46128 -81.06911 -1.003 -2.80 4 16 278.93 435.65 0.00 100.243 0.000 0.214 3
0000002124 2020 8 24 0 25 0.860 36.46193 -81.09846 2.021 NM 372 2077 5.81 9.45 9.54 1.355 0.000 0.244 3
0000002125 2020 8 24 0 45 16.911 36.48664 -81.06978 0.766 -1.67 12 48 549.48 747.38 87.90 956.147 0.000 0.616 3
0000002151 2020 8 24 4 52 48.890 36.47105 -81.13967 0.719 -1.78 3 8 536.87 510.27 121.65 1364.540 0.000 0.154 3
0000002164 2020 8 24 6 49 43.624 36.51739 -81.12331 0.905 0.46 448 3085 6.37 8.84 3.06 33.355 0.000 0.247 3
0000002168 2020 8 24 7 48 2.825 36.53277 -81.12234 0.997 -1.30 2 8 622.05 894.70 434.41 1479.106 0.000 0.521 3
0000002169 2020 8 24 7 58 10.134 36.49313 -81.11315 3.996 NM 374 2353 13.06 17.20 17.37 2.478 0.000 0.267 3
0000002173 2020 8 24 8 28 48.057 36.49840 -81.11763 2.614 -0.42 374 2355 30.48 39.25 40.19 8.100 0.000 0.234 3
0000002179 2020 8 24 9 5 20.485 36.48279 -81.10518 1.164 NM 372 2079 7.80 12.06 16.15 2.731 0.000 0.250 3
0000002184 2020 8 24 9 44 22.967 36.47839 -81.09472 2.451 NM 374 2089 38.40 36.41 26.78 8.500 0.000 0.246 3
0000002194 2020 8 24 11 40 25.028 36.48163 -81.08759 0.942 NM 347 1666 13.28 11.19 1.14 13.114 0.000 0.266 3
0000002204 2020 8 24 15 31 46.184 36.48294 -81.08250 2.729 -0.61 354 1973 8.64 6.24 9.40 1.854 0.000 0.242 3
0000002214 2020 8 24 19 25 56.131 36.43768 -81.10381 20.177 NM 6 31 721.28 918.34 0.00 338.884 0.000 9.000 3
0000002219 2020 8 24 20 22 36.168 36.49865 -81.15806 -0.938 NM 3 12 621.48 725.81 190.94 2288.240 0.000 0.567 3
0000002226 2020 8 24 22 28 31.746 36.47656 -81.08971 1.972 0.16 372 2079 19.29 22.48 7.81 3.103 0.000 0.249 3
0000002229 2020 8 25 0 32 0.582 36.48075 -81.07849 1.997 -0.41 442 3040 21.16 15.62 9.96 1.609 0.000 0.234 3
0000002230 2020 8 25 0 49 25.158 36.53234 -81.10789 0.997 NM 3 12 646.80 915.54 0.00 281.822 0.000 0.883 3
0000002231 2020 8 25 1 9 37.519 36.50031 -81.09237 0.997 NM 20 76 105.64 239.82 0.00 16.951 0.000 0.435 3
0000002233 2020 8 25 1 53 41.946 36.48725 -81.09058 1.753 -0.80 374 2091 10.79 8.66 11.05 2.082 0.000 0.247 3
0000002239 2020 8 25 3 58 45.604 36.48168 -81.10028 1.325 NM 5 20 336.16 366.79 191.19 578.734 0.000 0.558 3
0000002240 2020 8 25 4 15 57.167 36.47605 -81.05461 -0.914 -1.14 5 20 846.76 502.22 144.91 1862.723 0.000 0.587 3
0000002256 2020 8 25 7 35 7.286 36.49857 -81.08839 0.997 -0.91 3 12 597.50 478.92 360.04 1823.843 0.000 0.334 3
0000002258 2020 8 25 8 0 47.906 36.50437 -81.11682 2.831 0.28 473 3264 9.89 12.09 21.74 1.405 0.000 0.224 3
0000002277 2020 8 25 12 29 50.782 36.50214 -81.11864 1.506 -0.33 372 2341 12.13 11.04 27.86 2.391 0.000 0.233 3
0000002278 2020 8 25 13 1 27.854 36.48327 -81.11569 0.997 NM 2 8 451.13 389.40 2.39 71.501 0.000 0.425 3
0000002280 2020 8 25 13 50 32.337 36.47544 -81.09015 2.208 0.69 446 3109 5.74 7.27 7.63 1.770 0.000 0.262 3
0000002281 2020 8 25 13 51 8.638 36.47633 -81.09041 1.601 -0.53 27 108 55.55 26.15 153.32 20.102 0.000 0.285 3
0000002282 2020 8 25 14 22 16.531 36.47784 -81.09480 -0.348 NM 3 12 545.65 408.36 124.75 1369.999 0.000 0.565 3
0000002284 2020 8 25 14 24 10.448 36.46660 -81.09390 1.591 0.27 407 2824 31.66 44.56 24.69 5.183 0.000 0.267 3
0000002285 2020 8 25 14 25 21.829 36.49632 -81.06126 0.997 -1.46 8 28 665.60 708.03 74.31 226.232 0.000 1.039 3
0000002289 2020 8 25 15 37 21.094 36.48331 -81.08796 1.743 NM 372 2079 32.82 31.39 30.57 6.953 0.000 0.250 3
0000002293 2020 8 25 18 10 15.190 36.48261 -81.09743 1.782 NM 372 2079 13.84 16.61 17.25 2.690 0.000 0.248 3
0000002303 2020 8 25 20 21 35.182 36.47709 -81.08375 0.996 NM 336 1605 0.78 4.71 0.00 1.665 0.000 0.264 3
0000002304 2020 8 25 21 29 28.700 36.48419 -81.09909 0.997 NM 3 12 267.84 187.07 169.37 48.633 0.000 0.647 3
0000002306 2020 8 25 21 40 15.984 36.46305 -81.09159 1.818 -0.08 2 4 575.03 322.66 427.27 135.781 0.000 0.204 3
0000002308 2020 8 25 21 52 36.749 36.47010 -81.10139 0.997 0.68 466 3226 18.16 6.32 0.00 2.118 0.000 0.245 3
0000002313 2020 8 25 23 15 6.948 36.47267 -81.10241 1.075 -0.16 18 72 66.62 79.85 378.34 108.248 0.000 0.606 3
0000002319 2020 8 26 0 50 45.568 36.47824 -81.09560 0.997 -1.05 2 8 466.84 543.40 406.21 102.627 0.000 0.178 3
0000002322 2020 8 26 1 30 34.632 36.45434 -81.10962 -1.003 NM 2 8 713.94 693.92 0.00 472.563 0.000 0.830 3
0000002328 2020 8 26 3 12 30.365 36.46283 -81.06921 -0.926 -0.20 14 56 490.64 539.88 72.27 954.347 0.000 0.787 3
0000002329 2020 8 26 3 19 45.418 36.46626 -81.09490 0.998 -1.36 4 16 473.82 666.49 206.64 235.114 0.000 0.622 3
0000002341 2020 8 26 5 1 16.255 36.46951 -81.11087 0.997 NM 6 24 325.77 416.09 0.00 121.653 0.000 0.370 3
0000002343 2020 8 26 5 29 37.842 36.48263 -81.08469 2.206 -0.45 411 2700 7.42 8.00 7.97 1.201 0.000 0.243 3
0000002347 2020 8 26 6 48 16.644 36.47408 -81.08959 2.263 -0.06 410 2699 8.00 8.42 7.89 1.681 0.000 0.276 3
0000002348 2020 8 26 6 51 36.455 36.47211 -81.08978 0.975 1.50 458 3334 140.87 135.78 1.24 33.640 0.000 0.806 3
0000002350 2020 8 26 7 1 36.496 36.46889 -81.10328 2.385 NM 372 2077 11.94 17.12 11.00 3.228 0.000 0.244 3
0000002360 2020 8 26 10 32 42.276 36.47985 -81.07107 1.000 NM 2 8 735.61 787.23 459.41 212.991 0.000 0.880 3
0000002366 2020 8 26 13 47 18.261 36.47186 -81.09279 1.967 0.77 410 2814 7.10 10.79 4.89 1.485 0.000 0.422 3
0000002384 2020 8 26 19 39 13.143 36.48709 -81.10292 0.822 -1.18 2 8 529.96 368.96 275.66 2767.135 0.000 0.209 3
0000002395 2020 8 26 22 51 39.970 36.49751 -81.10380 3.266 -0.37 355 2147 15.57 11.28 19.64 2.748 0.000 0.213 3
0000002397 2020 8 27 0 24 50.000 36.46817 -81.03168 0.997 -0.77 13 52 673.64 374.81 0.00 197.079 0.000 0.477 3
0000002399 2020 8 27 0 45 43.175 36.48372 -81.09171 2.677 -0.88 2 8 557.78 569.93 750.39 104.709 0.000 0.203 3
0000002408 2020 8 27 5 18 9.275 36.50539 -81.10329 1.641 NM 3 12 535.83 228.37 508.39 86.908 0.000 0.569 3
0000002417 2020 8 27 7 10 38.514 36.46836 -81.09563 1.997 -0.35 430 3027 8.73 13.29 6.32 2.047 0.000 0.225 3
0000002418 2020 8 27 7 11 23.872 36.46977 -81.09589 1.804 2.10 473 3999 6.19 11.15 15.68 2.708 0.000 3.643 3
0000002419 2020 8 27 7 14 0.900 36.51766 -81.08121 3.242 -1.17 5 20 661.46 869.77 858.70 155.187 0.000 0.429 3
0000002428 2020 8 27 9 19 3.750 36.47098 -81.10057 0.998 NM 2 8 335.06 318.76 0.45 211.269 0.000 0.533 3
0000002435 2020 8 27 14 27 57.603 36.49469 -81.11478 3.298 -0.38 475 3257 12.20 27.71 12.51 2.103 0.000 0.383 3
0000002439 2020 8 27 16 41 37.434 36.47245 -81.09961 1.750 -0.51 372 2079 16.48 23.54 13.57 3.611 0.000 0.248 3
0000002440 2020 8 27 16 44 0.588 36.46099 -81.09893 1.448 -0.61 372 2200 9.65 9.90 14.04 1.426 0.000 0.236 3
0000002442 2020 8 27 16 52 37.811 36.49669 -81.05917 0.366 -1.07 5 20 754.62 531.51 158.69 1699.300 0.000 0.382 3
0000002445 2020 8 27 18 34 34.852 36.50652 -81.11079 2.768 -0.64 13 52 498.10 346.79 753.86 188.895 0.000 0.629 3
0000002449 2020 8 27 19 27 8.373 35.49412 -79.05519 1.030 NM 9 40 263.76 566.11 187.59 264.652 0.000 0.820 3
0000002452 2020 8 27 19 48 26.909 36.50051 -81.12500 19.494 NM 5 33 805.22 773.80 418.04 241.655 0.000 9.000 3
0000002459 2020 8 27 22 54 46.159 36.48359 -81.14317 0.997 NM 2 8 601.18 650.11 0.00 88.824 0.000 0.383 3
0000002472 2020 8 28 2 23 50.441 36.40380 -81.01146 0.693 NM 19 76 821.35 684.10 178.72 2440.199 0.000 0.731 3
0000002474 2020 8 28 2 46 0.130 36.55671 -81.09779 0.997 NM 4 12 766.61 849.17 0.00 438.416 0.000 1.243 3
0000002478 2020 8 28 3 25 6.247 36.49677 -81.11843 0.997 NM 343 1662 23.17 18.77 0.00 5.000 0.000 0.249 3
0000002484 2020 8 28 4 12 2.363 36.51108 -81.13239 -0.717 -0.37 28 108 439.55 315.47 15.83 189.365 0.000 0.559 3
0000002496 2020 8 28 7 40 50.849 36.49378 -81.13670 0.997 NM 2 8 757.99 666.09 437.65 2062.057 0.000 0.647 3
0000002499 2020 8 28 8 59 57.715 36.50806 -81.13145 -0.953 -0.52 414 2706 10.28 0.35 0.00 2.074 0.000 0.305 3
0000002502 2020 8 28 9 54 8.450 36.49015 -81.07970 0.997 0.12 471 3281 15.50 12.16 0.00 1.723 0.000 0.243 3
0000002510 2020 8 28 15 53 6.547 36.48037 -81.11461 -1.003 0.20 364 2168 16.19 0.42 0.00 3.470 0.000 0.404 3
0000002511 2020 8 28 16 15 44.619 36.46138 -81.11127 -1.003 -0.42 364 2178 29.23 218.90 0.00 5.347 0.000 0.329 3
0000002514 2020 8 28 16 21 27.666 36.47027 -81.09878 1.368 -0.60 434 2705 9.49 12.26 8.45 1.441 0.000 0.333 3
0000002527 2020 8 28 21 50 38.059 36.43744 -81.09810 -0.636 -1.17 13 52 612.02 873.00 64.48 809.619 0.000 0.817 3
0000002531 2020 8 29 0 8 32.273 36.55034 -81.07774 -0.020 -1.94 6 24 826.51 903.19 425.70 4559.135 0.000 1.056 3
0000002532 2020 8 29 0 56 21.136 36.49940 -81.04605 0.667 NM 8 32 915.66 788.14 200.57 2299.704 0.000 0.979 3
0000002535 2020 8 29 1 22 4.166 36.51678 -81.13375 -0.822 -0.38 419 2909 57.21 15.28 4.37 40.295 0.000 0.264 3
0000002537 2020 8 29 2 26 18.629 36.50824 -81.11131 3.002 -0.30 472 3280 19.26 23.61 14.83 2.508 0.000 0.255 3
0000002539 2020 8 29 4 49 48.766 36.51435 -81.12712 0.997 NM 2 8 727.82 851.48 0.00 289.882 0.000 0.987 3
0000002541 2020 8 29 5 11 59.870 36.48352 -81.09823 0.922 -1.12 4 16 441.10 769.19 371.03 546.578 0.000 0.477 3
0000002544 2020 8 29 6 57 38.797 36.44538 -81.07168 0.997 NM 8 32 667.61 849.80 306.72 217.097 0.000 0.506 3
0000002545 2020 8 29 7 6 45.109 36.44852 -81.11497 -0.966 NM 4 16 555.29 795.78 27.28 428.128 0.000 0.736 3
0000002553 2020 8 29 12 42 6.797 36.49597 -81.07355 0.997 NM 7 28 743.40 656.32 112.21 149.025 0.000 0.952 3
0000002568 2020 8 29 18 30 30.112 36.50389 -81.12630 0.921 -0.55 446 3086 3.03 7.22 2.28 25.612 0.000 0.249 3
0000002569 2020 8 29 18 41 45.181 36.50779 -81.09827 4.761 -1.19 11 44 533.78 505.73 814.62 202.457 0.000 0.586 3
0000002570 2020 8 29 18 45 33.309 36.41024 -81.03474 0.363 -1.80 5 20 935.29 915.61 190.07 2485.333 0.000 1.029 3
0000002571 2020 8 29 19 35 51.679 36.48107 -81.08768 2.467 -1.08 11 44 565.24 594.88 612.24 187.471 0.000 0.888 3
0000002572 2020 8 29 20 29 13.967 36.52744 -81.16053 0.998 0.04 6 24 893.72 901.63 149.71 255.104 0.000 0.678 3
0000002577 2020 8 29 22 3 48.846 36.60258 -81.11806 0.997 NM 4 16 978.85 998.34 320.13 4389.926 0.000 1.270 3
0000002580 2020 8 29 22 13 37.006 36.50193 -81.09826 -0.177 NM 4 16 826.64 719.78 485.70 4145.560 0.000 0.848 3
0000002583 2020 8 29 23 47 18.987 36.44225 -80.99190 -0.488 NM 5 20 897.25 862.21 219.22 2812.458 0.000 0.814 3
0000002586 2020 8 30 1 24 27.171 36.46185 -80.98639 0.388 0.12 372 2109 115.10 60.71 0.73 16.307 0.000 0.246 3
0000002593 2020 8 30 2 37 13.739 36.46456 -81.11157 27.728 NM 5 37 895.23 978.65 881.96 453.788 0.000 9.000 3
0000002602 2020 8 30 5 49 27.346 36.49717 -81.09438 1.082 -0.82 23 92 264.19 143.70 330.61 160.334 0.000 0.449 3
0000002603 2020 8 30 6 27 7.362 36.47445 -81.09106 1.806 -0.28 443 3100 7.48 6.50 7.50 1.410 0.000 0.239 3
0000002604 2020 8 30 7 39 30.385 36.48629 -81.09216 3.023 NM 420 2920 16.70 8.57 20.50 4.316 0.000 0.388 3
0000002609 2020 8 30 9 55 31.555 36.50294 -81.11995 2.292 -0.77 420 2926 7.27 10.00 21.32 1.733 0.000 0.261 3
0000002613 2020 8 30 11 40 23.115 36.47594 -81.09023 1.955 0.17 442 3105 3.95 6.23 5.28 0.975 0.000 0.267 3
0000002615 2020 8 30 12 1 8.297 36.41317 -80.98267 0.320 -1.00 16 64 696.79 820.79 265.65 1584.306 0.000 0.669 3
0000002618 2020 8 30 12 19 24.806 36.46643 -81.06293 2.592 -2.24 6 24 746.28 681.57 913.49 195.061 0.000 0.609 3
0000002623 2020 8 30 14 35 21.861 36.50462 -81.11346 3.242 1.16 470 3297 20.50 31.72 14.45 3.464 0.000 0.232 3
0000002633 2020 8 30 19 55 0.174 36.46182 -81.12109 0.871 -1.72 4 16 688.36 493.14 276.78 1209.110 0.000 0.254 3
0000002634 2020 8 30 20 7 40.187 36.47705 -81.10840 0.446 -0.46 16 64 783.26 394.25 125.32 1290.129 0.000 0.606 3
0000002640 2020 8 30 22 7 49.633 36.49829 -81.09559 1.671 0.08 21 84 178.45 222.57 354.88 86.428 0.000 0.501 3
0000002641 2020 8 30 22 20 22.802 36.48761 -81.09357 0.901 NM 439 3069 8.95 0.86 2.66 29.348 0.000 0.252 3
0000002643 2020 8 30 23 48 27.985 36.49851 -81.09187 2.027 -1.22 471 3257 35.82 19.80 44.69 4.696 0.000 0.238 3
0000002646 2020 8 31 1 34 43.599 36.49960 -80.71519 0.092 1.94 5 24 773.68 700.20 1.91 55.415 0.000 0.315 3
0000002650 2020 8 31 3 20 12.154 36.55820 -81.03037 3.686 -1.56 17 68 580.60 745.10 850.31 208.763 0.000 0.496 3
0000002652 2020 8 31 4 11 42.603 36.48171 -81.08035 2.517 NM 13 52 476.59 537.13 577.81 166.493 0.000 0.498 3
0000002658 2020 8 31 6 43 11.788 36.39082 -81.03388 0.138 -1.06 25 100 972.09 994.54 175.71 2310.356 0.000 0.818 3
0000002660 2020 8 31 7 0 45.750 36.49195 -81.09568 3.867 -0.51 447 3083 8.35 8.50 8.08 1.383 0.000 0.236 3
0000002661 2020 8 31 7 5 22.654 36.49007 -81.07580 0.981 1.03 522 3737 20.65 8.89 1.90 20.446 0.000 0.413 3
0000002666 2020 8 31 11 1 17.062 36.51853 -81.12687 0.997 -1.21 6 24 725.41 795.07 384.91 2035.995 0.000 0.866 3
0000002670 2020 8 31 11 53 9.407 36.52804 -81.10483 0.684 0.80 461 3228 30.84 46.89 2.94 30.289 0.000 0.261 3
0000002676 2020 8 31 17 31 0.607 36.47758 -81.10352 1.343 -1.08 374 2125 13.53 15.56 20.19 3.665 0.000 0.247 3
0000002677 2020 8 31 19 28 7.553 36.51018 -81.19566 0.357 NM 5 20 814.94 646.45 231.65 1906.340 0.000 0.327 3
0000002679 2020 8 31 19 48 23.424 36.45139 -81.10897 0.997 NM 2 8 580.97 938.25 438.12 237.829 0.000 0.375 3
0000002683 2020 8 31 21 21 17.182 36.47052 -81.08394 2.049 NM 7 28 571.80 674.29 313.21 180.960 0.000 0.520 3
0000002685 2020 8 31 21 50 31.075 36.46629 -81.10449 -1.003 NM 372 2121 16.46 27.41 0.00 5.013 0.000 0.401 3
0000002696 2020 9 1 1 27 30.811 36.48392 -81.08597 0.866 NM 372 2129 12.28 15.35 1.52 18.407 0.000 0.262 3
0000002701 2020 9 1 3 41 19.258 36.55235 -81.04882 0.460 -0.50 23 92 781.47 673.64 103.88 1361.885 0.000 1.011 3
0000002709 2020 9 1 5 59 17.251 36.49804 -81.11355 0.735 NM 30 120 203.42 412.14 224.24 1165.354 0.000 0.725 3
0000002711 2020 9 1 6 34 1.619 36.47787 -81.10586 0.997 NM 6 24 702.97 370.25 550.53 1911.698 0.000 0.499 3
0000002716 2020 9 1 7 58 37.854 36.42402 -81.11750 -0.112 NM 3 12 712.73 910.57 442.44 4536.814 0.000 0.874 3
0000002718 2020 9 1 9 26 17.386 36.48418 -81.11086 1.663 NM 2 8 599.56 424.26 725.27 174.803 0.000 0.357 3
0000002724 2020 9 1 13 30 54.221 36.51724 -81.13557 0.816 -0.51 419 2955 8.63 5.67 1.16 13.533 0.000 0.238 3
0000002726 2020 9 1 19 7 30.609 36.48478 -81.08829 0.997 NM 2 8 710.28 438.19 56.51 217.916 0.000 0.685 3
0000002738 2020 9 2 0 37 59.461 36.44424 -81.04879 -1.003 -0.77 16 64 496.14 739.42 16.30 267.790 0.000 0.594 3
0000002745 2020 9 2 3 23 59.942 36.46774 -81.08544 0.770 -0.60 423 2964 9.72 11.03 2.14 22.849 0.000 0.269 3
0000002754 2020 9 2 6 48 46.861 36.48486 -81.07088 0.997 NM 372 2125 112.41 26.06 0.00 9.248 0.000 0.277 3
0000002760 2020 9 2 8 34 15.813 36.49669 -81.08694 2.043 -0.72 467 3271 17.41 12.17 25.68 5.542 0.000 0.240 3
0000002766 2020 9 2 10 20 36.763 36.49701 -81.12202 2.636 -0.30 462 3228 30.35 22.67 52.13 3.762 0.000 0.234 3
0000002767 2020 9 2 11 54 43.258 36.50287 -81.11844 0.990 -0.02 372 2393 9.62 5.99 2.48 28.469 0.000 0.233 3
0000002768 2020 9 2 12 21 44.497 36.46395 -81.06899 0.997 -0.50 6 24 686.91 649.32 301.13 202.215 0.000 0.750 3
0000002769 2020 9 2 12 27 35.291 36.45194 -80.98394 -0.333 -0.42 26 104 880.78 747.79 261.81 2136.191 0.000 0.611 3
0000002774 2020 9 2 19 21 31.640 36.49054 -81.12158 0.905 NM 7 28 462.80 493.05 291.44 3209.561 0.000 0.673 3
0000002795 2020 9 3 11 43 49.360 36.49502 -81.11895 2.310 NM 11 44 468.75 291.34 813.90 140.769 0.000 0.576 3
0000002806 2020 9 3 18 24 2.477 36.48927 -81.06212 -1.003 NM 2 8 667.79 486.78 0.00 140.682 0.000 0.436 3
