evid year month day hour minutes seconds latitude longitude depth mag #pairs #difftimes ex ey ez et rms_phase rms_xcor loc_code
0000000033 2020 8 7 12 47 19.289 36.46549 -81.07816 14.650 NM 2 8 459.48 675.44 390.23 137.107 0.000 0.379 3
0000000039 2020 8 7 23 6 48.930 36.49222 -81.17749 -0.007 1.45 5 20 631.46 968.09 0.00 337.349 0.000 0.428 3
0000000053 2020 8 8 12 35 23.615 36.46557 -81.09228 8.682 1.48 55 279 145.19 275.42 654.18 26.954 0.000 0.415 3
0000000054 2020 8 8 12 37 6.510 36.45937 -81.07979 11.808 1.66 2 8 556.63 616.93 503.46 142.727 0.000 0.106 3
0000000055 2020 8 8 12 38 37.954 36.45903 -81.07995 12.246 NM 2 8 381.66 532.19 915.62 148.242 0.000 0.106 3
0000000057 2020 8 8 13 21 59.537 36.49065 -81.09418 6.716 0.59 16 84 675.14 557.27 626.64 131.322 0.000 0.667 3
0000000064 2020 8 8 19 16 57.905 36.49528 -81.12440 15.746 0.70 8 36 561.87 557.65 931.24 110.023 0.000 0.584 3
0000000066 2020 8 8 20 42 30.861 36.47891 -81.11566 0.593 1.83 73 408 108.67 83.57 640.61 16.983 0.000 0.417 3
0000000067 2020 8 8 23 49 5.488 36.48813 -81.09450 16.556 NM 3 16 693.56 680.98 449.41 153.507 0.000 0.463 3
0000000068 2020 8 9 0 23 2.780 36.45812 -81.07725 14.166 NM 6 24 829.18 791.85 0.00 150.425 0.000 0.372 3
0000000070 2020 8 9 0 33 52.571 36.47701 -81.10813 -0.007 0.17 10 48 750.81 732.01 453.10 224.457 0.000 0.926 3
0000000072 2020 8 9 4 43 40.175 36.48219 -81.09418 0.992 1.72 87 737 122.22 167.27 621.42 25.452 0.000 0.496 3
0000000073 2020 8 9 5 57 16.554 36.47807 -81.10296 3.479 3.23 96 871 48.43 102.02 488.11 11.721 0.000 0.452 3
0000000074 2020 8 9 6 2 16.183 36.48373 -81.09420 16.556 1.96 73 429 79.06 104.66 94.60 17.794 0.000 0.368 3
0000000076 2020 8 9 6 6 55.721 36.47731 -81.10278 6.627 2.15 89 766 161.93 138.91 512.30 25.086 0.000 0.428 3
0000000078 2020 8 9 8 47 2.546 36.48957 -81.11111 1.974 NM 7 33 859.78 674.60 775.10 286.821 0.000 0.929 3
0000000080 2020 8 9 11 40 8.133 36.50550 -81.00520 0.005 NM 2 8 599.13 759.14 493.85 239.524 0.000 0.697 3
0000000083 2020 8 9 12 7 37.630 36.48032 -81.09938 5.427 5.10 64 568 128.61 236.94 476.05 28.139 0.000 0.507 3
0000000102 2020 8 9 12 28 2.439 36.47610 -81.08391 5.145 0.75 11 57 716.27 548.30 674.05 126.012 0.000 0.794 3
0000000103 2020 8 9 12 31 36.156 36.47878 -81.13911 1.100 NM 2 9 530.68 733.64 873.36 218.360 0.000 0.678 3
0000000105 2020 8 9 13 32 29.389 36.47525 -81.08492 12.696 1.11 12 62 420.79 566.74 595.76 52.068 0.000 0.699 3
0000000106 2020 8 9 14 13 28.874 36.49831 -81.08978 -0.007 NM 2 9 927.75 726.42 18.43 129.675 0.000 0.645 3
0000000107 2020 8 9 15 45 57.230 36.50768 -81.11341 0.724 1.80 52 288 267.31 282.14 429.82 42.378 0.000 0.555 3
0000000109 2020 8 9 15 58 35.372 36.47733 -81.04955 2.969 1.72 67 396 485.43 237.23 0.00 77.600 0.000 0.417 3
0000000110 2020 8 9 17 4 24.145 36.48619 -81.11346 -0.007 NM 2 8 472.92 701.74 294.30 410.284 0.000 0.653 3
0000000111 2020 8 9 17 14 32.245 36.48550 -81.08451 -0.007 0.72 16 74 354.93 568.85 319.74 72.863 0.000 0.748 3
0000000222 2020 8 10 0 58 48.927 36.47650 -81.09146 -0.007 1.28 16 87 418.17 325.85 394.08 88.430 0.000 0.772 3
0000000360 2020 8 10 5 47 19.011 36.47022 -81.11165 13.745 NM 3 12 607.45 386.07 869.74 92.983 0.000 0.222 3
0000000362 2020 8 10 8 21 2.033 36.47934 -81.11533 14.022 NM 2 10 673.37 520.79 909.91 170.210 0.000 0.532 3
0000000363 2020 8 10 8 43 6.988 36.47265 -81.10856 11.027 2.70 77 653 158.01 195.43 548.10 28.247 0.000 0.505 3
0000000364 2020 8 10 8 44 38.807 36.45704 -81.08698 11.981 NM 2 12 790.39 654.15 793.77 215.974 0.000 0.872 3
0000000365 2020 8 10 9 40 43.009 36.43727 -81.10465 2.764 1.04 4 16 583.86 834.55 782.79 176.456 0.000 0.570 3
0000000366 2020 8 10 10 9 14.805 36.46354 -81.10347 6.997 1.55 12 62 678.51 593.75 848.72 115.943 0.000 0.769 3
0000000367 2020 8 10 11 10 3.749 36.45637 -81.12577 1.607 2.21 77 639 56.73 81.68 436.32 14.266 0.000 0.484 3
0000000384 2020 8 10 21 33 38.865 36.49548 -81.10493 6.933 1.89 71 459 85.00 142.69 0.00 9.773 0.000 0.503 3
0000000515 2020 8 11 6 11 44.665 36.47656 -81.10297 -0.008 0.65 338 1116 2.51 7.29 0.00 0.775 0.000 0.286 3
0000000577 2020 8 11 9 13 55.495 36.49822 -81.07378 -0.007 1.30 5 25 605.15 671.33 47.46 193.233 0.000 0.376 3
0000000607 2020 8 11 10 50 17.835 36.48418 -81.08807 2.138 2.00 412 1988 20.15 60.54 19.66 6.157 0.000 0.378 3
0000000672 2020 8 11 20 45 27.262 36.48532 -81.08398 0.658 2.98 111 1042 56.00 38.50 48.25 9.961 0.000 0.395 3
0000000711 2020 8 12 0 20 1.478 36.50234 -81.08253 0.571 1.43 425 2265 9.14 10.16 36.05 2.656 0.000 0.273 3
0000000725 2020 8 12 1 33 54.357 36.47805 -81.09774 2.479 -0.60 364 1595 12.19 23.30 18.29 4.210 0.000 0.242 3
0000000745 2020 8 12 3 4 18.065 36.48008 -81.10226 0.420 0.95 338 1164 10.42 58.79 15.31 3.398 0.000 0.284 3
0000000748 2020 8 12 3 9 12.696 36.46634 -81.10279 2.539 NM 336 1156 8.31 34.89 26.12 3.489 0.000 0.275 3
0000000763 2020 8 12 3 30 7.986 36.47381 -81.09769 1.926 -1.36 338 1164 20.29 58.92 28.95 5.398 0.000 0.284 3
0000000788 2020 8 12 5 37 26.214 36.49789 -81.10297 1.604 NM 336 1156 5.62 56.30 41.01 8.251 0.000 0.275 3
0000000796 2020 8 12 6 4 45.798 36.47242 -81.11192 -0.007 NM 338 1176 54.15 22.41 0.00 7.523 0.000 0.289 3
0000000800 2020 8 12 6 11 45.722 36.49547 -81.07781 1.045 1.58 438 2427 9.09 26.58 17.69 5.131 0.000 0.334 3
0000000827 2020 8 12 7 45 23.125 36.49284 -81.08402 2.573 0.40 370 1650 6.65 41.01 15.96 3.283 0.000 0.233 3
0000000831 2020 8 12 8 9 28.162 36.50812 -81.10018 2.836 1.16 382 1776 17.88 81.21 83.85 4.750 0.000 0.260 3
0000000835 2020 8 12 8 21 4.810 36.50785 -81.11488 2.972 0.56 354 1389 6.77 31.02 29.52 4.200 0.000 0.252 3
0000000844 2020 8 12 8 52 30.344 36.50195 -81.11132 3.598 -0.11 350 1295 6.58 20.20 0.00 3.911 0.000 0.262 3
0000000870 2020 8 12 12 52 24.633 36.49478 -81.08296 1.072 NM 338 1176 47.37 147.27 210.95 9.109 0.000 0.283 3
0000000885 2020 8 12 16 14 48.476 36.46910 -81.09631 0.103 0.52 367 1633 3.54 7.88 19.64 1.152 0.000 0.248 3
0000000902 2020 8 12 20 20 47.531 36.49527 -81.09924 -0.001 -0.23 6 24 548.28 533.43 407.11 127.675 0.000 0.895 3
0000000914 2020 8 12 23 52 47.854 36.48591 -81.05661 1.947 -2.26 4 16 674.34 529.50 737.86 119.240 0.000 0.778 3
0000000915 2020 8 12 23 58 33.772 36.48112 -81.08681 1.831 -2.60 14 48 97.69 37.07 232.36 47.623 0.000 0.408 3
0000000917 2020 8 13 0 29 22.871 36.47746 -81.08590 0.160 -2.01 2 8 806.61 774.28 548.91 642.834 0.000 1.198 3
0000000919 2020 8 13 0 54 27.894 36.48907 -81.07523 -0.007 0.11 457 2596 22.84 4.81 0.00 1.531 0.000 0.258 3
0000000920 2020 8 13 0 59 34.850 36.54973 -81.12534 -0.007 -1.77 11 40 951.72 833.94 0.00 172.320 0.000 0.651 3
0000000925 2020 8 13 1 43 20.695 36.48874 -81.07700 0.438 -0.93 448 2404 9.39 5.41 19.91 2.173 0.000 0.247 3
0000000933 2020 8 13 2 37 46.736 36.48769 -81.10332 -0.007 NM 2 8 827.54 593.16 457.81 248.075 0.000 0.901 3
0000000934 2020 8 13 3 3 2.066 36.49075 -81.14112 6.122 -1.34 15 48 657.38 643.64 874.37 149.152 0.000 0.392 3
0000000935 2020 8 13 3 12 46.548 36.50391 -81.12553 0.597 -0.01 420 2378 30.56 6.53 0.00 6.953 0.000 0.391 3
0000000938 2020 8 13 3 15 35.752 36.50860 -81.10839 -0.007 -2.12 5 20 621.82 608.82 299.67 187.733 0.000 0.541 3
0000000941 2020 8 13 3 37 9.535 36.47993 -81.09701 2.538 -0.94 372 1713 12.88 11.31 17.81 3.999 0.000 0.265 3
0000000948 2020 8 13 4 4 12.502 36.50001 -81.06554 7.177 -0.36 4 12 546.96 675.13 805.31 233.038 0.000 0.454 3
0000000952 2020 8 13 4 22 4.883 36.50538 -81.10065 2.539 -0.30 372 1711 8.26 3.63 15.90 2.468 0.000 0.260 3
0000000953 2020 8 13 4 27 10.254 36.50353 -81.11008 2.332 -1.01 372 1711 6.60 4.74 24.70 3.976 0.000 0.261 3
0000000956 2020 8 13 4 38 32.537 36.46641 -81.10117 -0.007 -1.15 2 8 949.20 846.05 150.26 451.950 0.000 0.923 3
0000000958 2020 8 13 4 43 4.725 36.50841 -81.11180 2.893 0.57 483 2739 6.34 8.10 11.74 1.616 0.000 0.227 3
0000000960 2020 8 13 5 20 20.428 36.39566 -81.01341 10.496 -1.81 7 24 605.75 831.17 811.49 143.623 0.000 0.735 3
0000000962 2020 8 13 5 24 2.959 36.49132 -81.07187 2.444 -1.23 10 40 653.84 661.20 624.43 250.467 0.000 0.782 3
0000000964 2020 8 13 5 53 50.331 36.45650 -81.09821 1.076 0.05 372 1713 6.26 11.66 11.55 1.909 0.000 0.265 3
0000000966 2020 8 13 6 6 9.664 36.46022 -81.10197 10.446 NM 10 32 580.76 922.06 870.88 221.390 0.000 0.891 3
0000000981 2020 8 13 8 32 44.841 36.45866 -81.10430 0.917 -0.67 2 8 571.08 787.84 397.24 144.020 0.000 0.498 3
0000000985 2020 8 13 9 3 44.810 36.49612 -81.06585 4.959 -0.16 456 2106 146.70 165.27 0.00 14.398 0.000 0.586 3
0000000986 2020 8 13 9 3 55.342 36.49869 -81.06139 7.613 -0.41 2 8 606.41 509.62 694.88 118.231 0.000 0.115 3
0000000987 2020 8 13 9 5 4.216 36.47942 -81.05364 9.441 -0.53 2 4 868.04 74.99 769.97 103.396 0.000 0.150 3
0000000989 2020 8 13 9 15 17.079 36.47259 -81.10664 3.965 -2.03 2 4 612.59 588.25 531.92 77.431 0.000 0.183 3
0000000992 2020 8 13 9 34 2.509 36.42817 -80.98453 -0.007 -1.96 4 16 814.28 920.33 449.54 215.346 0.000 0.808 3
0000000993 2020 8 13 9 42 33.936 36.50845 -81.01566 -0.007 NM 6 24 797.33 510.94 457.75 225.572 0.000 1.047 3
0000000997 2020 8 13 10 13 40.446 36.46928 -81.10733 3.096 -1.20 23 84 701.34 599.30 770.49 157.632 0.000 0.565 3
0000001001 2020 8 13 10 35 21.749 36.49870 -81.06983 6.629 0.60 451 2029 50.01 81.49 0.00 2.363 0.000 0.681 3
0000001002 2020 8 13 10 37 5.700 36.50347 -81.06082 7.847 -0.24 2 8 467.53 516.07 519.30 124.387 0.000 0.068 3
0000001005 2020 8 13 11 4 46.792 36.48604 -81.07568 -0.007 -0.76 30 108 42.59 38.44 150.29 14.205 0.000 0.282 3
0000001010 2020 8 13 12 20 51.669 36.46673 -81.09872 1.755 -0.64 372 1819 10.22 14.76 9.14 2.010 0.000 0.258 3
0000001026 2020 8 13 17 40 53.462 36.47725 -81.11468 -0.007 -0.66 445 2555 99.59 131.57 0.00 7.162 0.000 0.312 3
0000001037 2020 8 13 20 0 36.193 36.49273 -81.09695 -0.007 -1.14 17 52 174.96 462.82 0.00 91.322 0.000 0.459 3
0000001038 2020 8 13 20 20 17.650 36.50691 -81.11207 -0.007 -1.13 348 1479 15.78 8.64 0.00 4.061 0.000 0.223 3
0000001045 2020 8 13 21 23 51.629 36.49882 -81.06602 7.002 -0.51 2 4 149.41 154.77 7.99 19.018 0.000 0.001 3
0000001052 2020 8 13 22 2 59.666 36.48870 -81.07639 -0.007 NM 8 32 381.16 209.09 0.00 79.669 0.000 0.316 3
0000001053 2020 8 13 22 20 51.614 36.47549 -81.09316 3.267 -0.12 416 2407 8.17 39.58 31.98 6.768 0.000 0.240 3
0000001054 2020 8 13 22 21 9.132 36.48728 -81.15974 10.676 -1.07 4 12 719.69 921.31 0.00 305.863 0.000 1.165 3
0000001055 2020 8 13 22 22 45.334 36.46792 -81.10249 4.000 -1.53 4 16 898.50 833.68 937.31 384.138 0.000 1.034 3
0000001056 2020 8 13 22 27 37.800 36.47047 -81.11079 4.382 -0.55 28 100 339.42 198.60 512.41 112.938 0.000 0.699 3
0000001060 2020 8 13 23 36 12.454 36.49707 -81.06518 1.637 NM 29 92 521.61 669.25 684.13 211.429 0.000 0.561 3
0000001061 2020 8 13 23 42 22.415 36.45801 -81.11260 -0.007 1.38 416 2484 26.29 216.24 0.00 3.779 0.000 0.443 3
0000001064 2020 8 13 23 54 19.341 36.46242 -81.07644 0.050 -1.27 3 12 858.41 893.14 393.48 179.309 0.000 0.639 3
0000001068 2020 8 14 1 9 39.237 36.50026 -81.07677 0.048 -0.95 11 32 519.02 509.68 164.16 137.641 0.000 0.862 3
0000001069 2020 8 14 1 10 42.869 36.51893 -81.16086 -0.007 NM 3 8 965.62 978.75 298.00 348.706 0.000 0.644 3
0000001070 2020 8 14 1 16 40.845 36.48558 -81.13684 5.082 -1.90 5 20 778.29 725.51 701.11 164.321 0.000 0.825 3
0000001071 2020 8 14 1 18 3.620 36.50201 -81.11452 -0.008 -1.11 3 12 522.72 587.12 447.70 178.091 0.000 0.854 3
0000001081 2020 8 14 2 15 8.597 36.48048 -81.08398 1.413 -0.63 374 1757 13.48 9.69 4.77 1.988 0.000 0.267 3
0000001083 2020 8 14 2 16 20.982 36.48846 -81.05439 -0.007 -1.58 8 28 685.58 213.15 467.96 144.492 0.000 0.754 3
0000001089 2020 8 14 2 53 44.598 36.47816 -81.07400 2.741 -2.28 5 16 733.27 552.28 867.01 208.407 0.000 0.665 3
0000001090 2020 8 14 3 1 55.812 36.51097 -81.12453 -0.007 -1.61 8 28 425.82 389.15 223.21 191.201 0.000 0.795 3
0000001113 2020 8 14 6 37 35.137 36.49817 -81.06309 6.629 0.18 2 8 526.82 723.10 672.22 181.256 0.000 0.079 3
0000001120 2020 8 14 7 25 1.033 36.50444 -81.11073 -0.007 -1.22 385 2111 9.36 7.46 0.00 2.736 0.000 0.250 3
0000001121 2020 8 14 7 27 40.182 36.47148 -81.09919 2.505 -0.06 408 2395 19.07 23.87 14.58 4.079 0.000 0.234 3
0000001126 2020 8 14 7 42 50.852 36.47038 -81.10008 2.376 0.54 425 2501 3.89 6.58 11.48 2.620 0.000 0.234 3
0000001131 2020 8 14 8 5 47.546 36.47430 -81.10241 2.336 -0.78 372 1755 15.40 17.62 15.37 3.858 0.000 0.262 3
0000001134 2020 8 14 8 16 2.030 36.50219 -81.09644 7.189 -1.38 2 4 113.16 181.38 329.25 83.564 0.000 0.005 3
0000001160 2020 8 14 10 26 14.679 36.49831 -81.06174 6.379 -0.30 2 8 761.63 443.24 705.70 213.103 0.000 0.080 3
0000001169 2020 8 14 12 11 42.096 36.46538 -81.09459 -0.007 0.10 353 1645 8.62 22.92 0.00 1.777 0.000 0.236 3
0000001174 2020 8 14 13 5 7.649 36.49191 -81.09703 3.127 -0.03 372 1991 51.71 30.94 57.10 11.053 0.000 0.247 3
0000001175 2020 8 14 13 22 29.595 36.49643 -81.11036 0.033 -1.26 4 16 839.99 448.51 0.00 255.189 0.000 0.525 3
0000001178 2020 8 14 15 5 8.466 36.43427 -80.67537 4.916 NM 2 0 0.00 0.42 0.00 0.000 0.000 0.000 3
0000001181 2020 8 14 16 8 32.475 36.51322 -81.10980 1.429 -0.75 461 2720 21.64 22.79 53.30 3.156 0.000 0.269 3
0000001182 2020 8 14 16 38 9.447 36.48517 -81.07777 2.153 0.30 457 2689 8.15 5.33 5.41 1.487 0.000 0.256 3
0000001190 2020 8 14 18 40 9.636 36.49815 -81.11402 3.195 -0.36 453 2677 8.76 7.80 19.39 2.797 0.000 0.231 3
0000001194 2020 8 14 19 37 41.248 36.49986 -81.12083 1.711 0.25 452 2675 7.52 10.38 17.55 2.174 0.000 0.232 3
0000001199 2020 8 14 20 8 16.723 36.49864 -81.13972 2.909 -0.37 5 20 507.13 659.65 0.00 147.890 0.000 0.604 3
0000001201 2020 8 14 20 18 4.043 36.50769 -81.12460 -0.007 -0.48 384 2138 34.42 5.95 0.00 7.624 0.000 0.255 3
0000001217 2020 8 15 0 3 20.205 36.49713 -81.01025 4.031 NM 5 20 923.45 805.28 592.71 201.565 0.000 0.434 3
0000001224 2020 8 15 1 3 50.266 36.48486 -81.10466 -0.007 -1.54 3 12 622.22 715.83 0.00 223.164 0.000 0.995 3
0000001244 2020 8 15 3 33 7.329 36.49115 -81.10661 3.955 NM 474 2822 28.74 17.90 35.18 3.088 0.000 0.251 3
0000001246 2020 8 15 3 45 55.853 36.48145 -81.08783 2.437 NM 334 1359 88.10 73.62 81.05 24.105 0.000 0.280 3
0000001266 2020 8 15 6 27 16.791 36.45728 -81.11197 -0.007 NM 372 1791 9.89 114.66 0.00 7.256 0.000 0.298 3
0000001269 2020 8 15 7 25 41.985 36.47551 -81.01508 -0.007 -1.56 9 42 532.96 630.35 376.05 181.242 0.000 0.976 3
0000001272 2020 8 15 7 41 28.929 36.49501 -81.08272 2.425 1.63 533 3491 6.48 25.35 17.34 3.539 0.000 0.341 3
0000001277 2020 8 15 8 32 48.561 36.48533 -81.07935 2.111 -1.39 3 8 17.13 31.07 43.56 6.810 0.000 0.004 3
0000001278 2020 8 15 8 37 31.109 36.51836 -81.15144 0.906 -1.57 3 8 869.82 565.68 837.28 208.844 0.000 0.350 3
0000001284 2020 8 15 10 0 46.239 36.51237 -81.12299 0.992 -0.95 427 2521 11.16 20.97 13.23 2.941 0.000 0.245 3
0000001320 2020 8 15 16 19 2.405 36.48214 -81.08120 1.744 0.01 372 2019 9.77 3.64 11.32 1.504 0.000 0.248 3
0000001321 2020 8 15 16 45 32.853 36.50701 -81.09978 3.085 -0.23 454 2728 7.08 8.77 9.71 1.236 0.000 0.238 3
0000001322 2020 8 15 17 8 8.567 36.50317 -81.12050 2.086 -0.65 372 2017 33.53 18.91 47.46 2.197 0.000 0.244 3
0000001332 2020 8 15 19 45 26.475 36.50783 -81.10052 3.268 0.14 459 2698 8.61 30.51 30.48 5.670 0.000 0.244 3
0000001334 2020 8 15 19 58 47.685 36.50469 -81.11367 7.810 -1.02 9 36 674.56 788.84 959.50 202.889 0.000 0.682 3
0000001335 2020 8 15 20 9 21.216 36.50964 -81.10320 3.555 -1.69 5 20 354.34 384.92 705.81 133.010 0.000 0.387 3
0000001340 2020 8 15 21 24 30.646 36.50785 -81.11107 3.040 0.51 488 2905 13.22 19.02 15.36 2.965 0.000 0.235 3
0000001347 2020 8 16 0 19 30.831 36.48484 -81.07584 -0.007 NM 372 1803 32.26 6.51 0.00 2.496 0.000 0.266 3
0000001355 2020 8 16 2 21 55.625 36.52201 -81.17774 9.790 -1.32 2 8 628.12 713.12 876.98 130.254 0.000 0.397 3
0000001356 2020 8 16 2 48 2.948 36.46904 -81.10538 2.374 -1.20 372 1801 7.92 9.76 9.03 2.070 0.000 0.259 3
0000001363 2020 8 16 3 18 24.515 36.47908 -81.08907 2.620 0.00 490 2967 10.41 9.65 4.60 0.515 0.000 0.229 3
0000001405 2020 8 16 9 31 50.769 36.48739 -81.09753 0.706 -0.41 2 8 379.41 495.93 571.34 84.060 0.000 0.081 3
0000001417 2020 8 16 11 23 56.974 36.44797 -81.06790 8.696 -1.17 3 12 694.65 647.74 629.74 168.561 0.000 0.643 3
0000001427 2020 8 16 12 21 58.229 36.46146 -81.06844 -0.007 0.02 2 8 776.43 667.02 457.75 283.502 0.000 0.878 3
0000001431 2020 8 16 12 44 39.435 36.47099 -81.09919 2.771 -0.81 372 2029 5.34 6.38 9.28 2.264 0.000 0.242 3
0000001432 2020 8 16 13 2 17.189 36.47147 -81.10118 2.615 0.06 453 2746 5.28 5.79 4.81 0.927 0.000 0.231 3
0000001434 2020 8 16 13 58 10.535 36.50715 -81.11200 3.402 -1.25 6 16 376.14 522.50 643.53 116.919 0.000 0.524 3
0000001454 2020 8 16 20 45 50.095 36.49997 -81.10769 -0.007 -0.86 423 2401 23.74 29.85 0.00 4.933 0.000 0.263 3
0000001460 2020 8 16 22 40 16.418 36.50363 -81.10904 -0.007 -0.03 454 2702 5.53 13.42 0.00 2.931 0.000 0.239 3
0000001461 2020 8 16 22 52 53.778 36.49879 -81.11305 -0.007 -0.37 471 2882 41.14 62.79 0.00 6.675 0.000 0.268 3
0000001470 2020 8 17 1 58 23.259 36.50929 -81.12009 1.542 1.00 467 3035 8.65 19.96 26.19 3.917 0.000 0.240 3
0000001471 2020 8 17 2 4 5.829 36.50931 -81.12300 1.261 -0.52 372 1835 4.39 4.02 45.56 3.121 0.000 0.253 3
0000001472 2020 8 17 2 21 59.618 36.47688 -81.07980 1.970 -0.42 372 1837 32.30 29.36 9.79 5.826 0.000 0.258 3
0000001482 2020 8 17 4 21 0.060 36.49188 -81.11961 -0.007 -0.43 430 2657 25.10 30.99 0.00 3.860 0.000 0.247 3
0000001489 2020 8 17 5 24 47.138 36.46227 -81.09397 2.542 -0.81 372 1847 17.46 23.69 20.69 7.336 0.000 0.253 3
0000001505 2020 8 17 8 1 23.347 36.48406 -81.07662 1.220 -0.22 417 2425 6.63 7.72 6.43 0.932 0.000 0.290 3
0000001516 2020 8 17 9 34 40.718 36.48031 -81.08359 1.898 0.10 470 2889 6.95 5.78 6.02 1.154 0.000 0.232 3
0000001518 2020 8 17 9 58 38.088 36.49452 -81.10068 1.651 -0.70 4 12 460.26 503.46 720.64 127.385 0.000 0.616 3
0000001531 2020 8 17 15 52 14.848 36.47722 -81.11591 -0.007 -0.03 32 128 562.13 725.37 399.61 39.552 0.000 0.706 3
0000001536 2020 8 17 17 23 9.012 36.48518 -81.07806 2.011 -1.15 4 16 194.21 87.55 291.27 59.376 0.000 0.110 3
0000001549 2020 8 17 23 54 42.102 36.50162 -81.11488 -0.007 -2.60 18 64 323.05 436.48 0.29 130.882 0.000 0.562 3
0000001553 2020 8 18 0 46 53.443 36.51765 -81.15822 -0.007 NM 2 8 786.76 881.45 298.19 314.070 0.000 0.931 3
0000001557 2020 8 18 2 2 41.871 36.47461 -81.08092 1.983 -0.45 372 1849 18.25 13.46 10.77 3.751 0.000 0.257 3
0000001558 2020 8 18 2 53 31.328 36.55748 -81.18246 -0.007 -0.95 2 8 915.60 926.42 0.00 600.506 0.000 0.906 3
0000001564 2020 8 18 4 49 55.875 36.53626 -81.05563 2.577 -1.15 2 4 319.18 370.27 470.59 106.328 0.000 0.056 3
0000001575 2020 8 18 6 33 46.001 36.50326 -81.10042 2.743 0.28 445 2735 7.46 8.60 8.20 1.132 0.000 0.228 3
0000001577 2020 8 18 6 54 43.093 36.48223 -81.08250 2.449 0.22 440 2736 4.37 7.13 14.50 1.973 0.000 0.235 3
0000001579 2020 8 18 7 54 17.396 36.47827 -81.11266 -0.007 -1.24 2 8 469.06 766.48 0.00 92.597 0.000 0.200 3
0000001584 2020 8 18 8 15 51.390 36.49920 -81.12097 3.319 -0.25 382 2209 15.96 24.86 26.04 5.005 0.000 0.257 3
0000001593 2020 8 18 10 0 42.106 36.49051 -81.10155 0.710 0.11 446 2733 8.28 6.48 23.28 1.912 0.000 0.256 3
0000001602 2020 8 18 11 5 14.213 36.50604 -81.13568 -0.007 -0.88 2 8 536.02 537.66 0.00 166.624 0.000 0.453 3
0000001605 2020 8 18 11 41 39.150 36.53241 -81.18007 -0.007 -0.84 6 16 929.57 911.06 0.29 204.040 0.000 0.388 3
0000001606 2020 8 18 11 47 10.167 36.47416 -81.07511 2.073 -0.39 366 1912 4.63 3.71 8.10 1.154 0.000 0.242 3
0000001607 2020 8 18 11 49 41.799 36.50898 -81.12206 1.439 0.36 480 2992 10.76 21.60 26.45 2.887 0.000 0.230 3
0000001610 2020 8 18 12 5 11.447 36.51202 -81.12154 1.681 -0.78 353 1901 6.02 6.95 16.29 2.051 0.000 0.214 3
0000001612 2020 8 18 12 13 13.684 36.51257 -81.12151 1.574 -0.54 353 1901 7.56 7.76 23.28 1.919 0.000 0.215 3
0000001613 2020 8 18 12 24 13.553 36.49027 -81.10131 0.841 -0.55 388 2245 13.22 8.97 35.03 1.263 0.000 0.249 3
0000001617 2020 8 18 12 31 32.367 36.56220 -81.18207 -0.007 -1.63 2 8 498.46 818.33 115.43 423.005 0.000 0.666 3
0000001620 2020 8 18 12 41 33.854 36.49084 -81.09978 1.517 0.45 18 60 510.78 211.06 540.19 139.784 0.000 0.568 3
0000001621 2020 8 18 13 3 54.503 36.49852 -81.09102 1.786 -0.53 469 2877 24.11 5.72 29.67 3.444 0.000 0.240 3
0000001622 2020 8 18 13 37 54.285 36.48207 -81.08287 2.098 0.07 443 2736 15.23 11.41 12.08 1.458 0.000 0.230 3
0000001630 2020 8 18 15 52 46.766 36.50227 -81.11374 -0.007 -0.35 448 2764 8.44 18.42 0.00 3.387 0.000 0.234 3
0000001632 2020 8 18 16 18 50.333 36.51390 -81.14344 4.619 -0.91 10 32 511.85 630.58 893.25 116.160 0.000 0.528 3
0000001636 2020 8 18 17 41 22.658 36.47720 -81.09251 2.821 0.67 424 2659 7.01 9.63 5.86 1.309 0.000 0.217 3
0000001642 2020 8 18 21 22 36.306 36.42063 -80.97953 -0.007 -1.32 4 16 914.98 842.95 498.83 228.085 0.000 0.869 3
0000001649 2020 8 18 22 16 20.289 36.44071 -81.08118 8.440 -1.43 2 8 809.78 653.54 797.34 195.818 0.000 0.243 3
0000001658 2020 8 18 23 14 36.711 36.50664 -81.14032 6.277 -1.53 4 16 784.17 910.49 978.84 377.823 0.000 0.977 3
0000001679 2020 8 19 3 24 46.338 36.47741 -81.12077 2.093 -0.72 4 16 521.66 893.71 660.10 179.189 0.000 0.678 3
0000001680 2020 8 19 3 39 7.677 36.48262 -81.09531 1.649 NM 372 1863 29.73 28.85 26.80 4.894 0.000 0.264 3
0000001681 2020 8 19 3 46 7.616 36.47536 -81.08381 2.788 -0.69 372 1978 21.31 18.73 12.93 2.671 0.000 0.271 3
0000001685 2020 8 19 4 2 49.502 36.53659 -81.13945 4.786 -1.14 17 56 763.99 560.43 932.42 144.531 0.000 0.811 3
0000001687 2020 8 19 4 22 42.512 36.47836 -81.08702 2.400 -0.92 422 2336 91.90 82.03 18.56 10.824 0.000 0.281 3
0000001690 2020 8 19 6 5 40.980 36.43129 -81.15125 10.306 -1.61 5 20 574.67 771.35 757.82 162.037 0.000 0.626 3
0000001707 2020 8 19 9 7 12.809 36.47912 -81.08176 2.280 -0.09 401 2347 64.97 44.75 23.60 5.842 0.000 0.248 3
0000001732 2020 8 19 17 36 35.797 36.50429 -81.11826 -0.007 -0.91 358 1871 19.55 19.83 0.00 6.797 0.000 0.310 3
0000001744 2020 8 19 23 12 44.827 36.47886 -81.09648 -0.004 -0.49 2 8 642.51 397.97 394.83 178.234 0.000 0.853 3
0000001752 2020 8 20 2 5 36.280 36.50358 -81.09824 3.010 -0.65 409 2428 9.19 14.43 10.73 2.996 0.000 0.240 3
0000001754 2020 8 20 3 35 6.961 36.48444 -81.11100 0.006 0.04 431 2702 34.72 34.10 38.55 4.327 0.000 0.282 3
0000001757 2020 8 20 3 44 38.419 36.46871 -81.10066 1.920 -0.72 372 2113 3.62 4.81 6.04 0.908 0.000 0.242 3
0000001759 2020 8 20 4 3 9.471 36.50227 -81.11355 -0.007 0.96 458 2883 9.17 20.02 0.00 2.877 0.000 0.228 3
0000001764 2020 8 20 4 53 57.614 36.50405 -81.12445 -0.007 -1.46 2 8 454.75 648.14 0.00 158.728 0.000 0.847 3
0000001766 2020 8 20 5 35 6.498 36.51712 -81.10695 1.974 0.60 353 1941 11.82 11.37 20.52 1.500 0.000 0.213 3
0000001769 2020 8 20 6 2 28.228 36.50479 -81.11416 2.863 -0.17 414 2485 12.53 13.54 27.76 1.615 0.000 0.233 3
0000001777 2020 8 20 7 36 46.401 36.49943 -81.10531 2.660 -0.00 374 2139 17.23 12.79 32.17 3.690 0.000 0.238 3
0000001778 2020 8 20 7 47 42.762 36.47609 -81.01046 7.449 -1.65 2 8 790.08 396.80 939.01 158.359 0.000 0.349 3
0000001779 2020 8 20 7 52 8.491 36.48674 -81.08685 2.733 -0.41 395 2342 7.60 7.20 8.01 1.469 0.000 0.261 3
0000001787 2020 8 20 10 40 59.558 36.48637 -81.09236 3.532 -0.62 354 1833 9.27 12.43 17.54 2.419 0.000 0.230 3
0000001794 2020 8 20 12 41 22.303 36.51052 -81.11777 2.495 -0.50 395 2308 13.68 18.20 32.26 2.457 0.000 0.243 3
0000001800 2020 8 20 15 28 43.974 36.47308 -81.09357 2.490 -0.46 446 2819 8.71 8.82 4.26 0.964 0.000 0.236 3
0000001809 2020 8 20 18 55 43.191 36.49485 -81.11013 3.812 -0.55 416 2493 10.48 33.09 28.16 5.583 0.000 0.264 3
0000001813 2020 8 20 20 28 27.457 36.50214 -81.10682 3.969 1.54 370 2113 22.77 21.98 20.67 2.311 0.000 0.236 3
0000001828 2020 8 20 23 31 37.752 36.49266 -81.11593 -0.007 -0.67 372 2141 8.99 6.40 0.00 1.824 0.000 0.288 3
0000001831 2020 8 21 0 3 13.607 36.49457 -81.08765 -0.007 -2.42 3 12 522.20 577.29 299.57 115.742 0.000 0.910 3
0000001850 2020 8 21 4 26 51.921 36.47786 -81.09299 2.813 0.14 398 2483 10.52 70.04 29.48 6.885 0.000 0.242 3
0000001868 2020 8 21 6 25 36.100 36.48507 -81.09556 0.003 -1.57 2 8 622.33 653.62 299.59 88.269 0.000 0.525 3
0000001872 2020 8 21 7 32 12.124 36.49374 -81.11250 -0.007 NM 2 8 579.24 729.47 236.40 192.959 0.000 0.717 3
0000001876 2020 8 21 8 52 42.215 36.47598 -81.08710 1.904 -0.69 372 2141 7.76 7.19 5.56 1.383 0.000 0.241 3
0000001890 2020 8 21 14 44 35.486 36.47872 -81.08925 1.993 1.53 434 2820 30.12 4.13 25.25 4.738 0.000 0.256 3
0000001894 2020 8 21 15 33 59.801 36.47355 -81.09975 2.811 0.26 449 2885 5.23 10.16 11.66 2.388 0.000 0.230 3
0000001902 2020 8 21 18 33 55.026 36.48887 -81.09040 3.035 0.03 405 2423 113.24 44.31 45.97 7.057 0.000 0.261 3
0000001920 2020 8 21 22 56 39.249 36.49888 -81.11201 3.559 0.22 442 2788 5.16 5.91 7.71 1.265 0.000 0.230 3
0000001925 2020 8 22 0 53 36.400 36.49766 -81.07760 -0.007 -0.23 406 2317 25.86 12.40 0.00 3.360 0.000 0.319 3
0000001926 2020 8 22 0 58 57.346 36.48132 -81.10311 -0.007 NM 354 1698 59.76 102.00 0.00 11.900 0.000 0.311 3
0000001928 2020 8 22 1 9 29.622 36.49769 -81.09280 -0.007 NM 6 24 422.04 603.84 74.71 120.878 0.000 0.837 3
0000001938 2020 8 22 4 50 52.875 36.47657 -81.08795 2.227 -1.07 372 1919 14.87 12.13 8.00 3.007 0.000 0.252 3
0000001947 2020 8 22 6 52 35.162 36.49146 -81.12382 -0.007 -1.75 3 12 398.04 512.82 0.00 141.151 0.000 0.198 3
0000001957 2020 8 22 8 59 46.236 36.51167 -81.08880 7.040 -0.04 2 4 620.41 766.35 722.20 565.824 0.000 0.844 3
0000001962 2020 8 22 11 58 18.704 36.48489 -81.07827 2.106 0.09 449 2859 8.19 3.33 7.74 1.185 0.000 0.248 3
0000001970 2020 8 22 15 49 10.913 36.46684 -81.10402 -0.007 -0.30 374 2195 13.59 64.58 0.00 1.892 0.000 0.268 3
0000001976 2020 8 22 16 19 58.871 36.50804 -81.11459 1.719 -0.76 356 1993 17.90 17.14 49.86 3.857 0.000 0.229 3
0000001978 2020 8 22 17 27 0.147 36.49878 -81.07965 -0.007 -0.05 407 2491 20.73 22.27 0.00 4.390 0.000 0.335 3
0000001991 2020 8 22 21 34 35.540 36.49140 -81.09870 -0.007 -0.36 13 52 403.57 400.09 0.00 48.405 0.000 0.661 3
0000001998 2020 8 22 23 57 9.419 36.48541 -81.08764 2.612 -1.02 462 3117 5.92 6.36 9.22 1.972 0.000 0.253 3
0000002004 2020 8 23 2 58 20.022 36.72342 -80.61464 7.965 NM 372 1945 0.68 0.00 1.70 533.438 0.000 2.924 3
0000002005 2020 8 23 3 1 6.163 36.46672 -81.10083 2.151 -0.88 372 2191 4.00 8.66 8.57 1.335 0.000 0.231 3
0000002008 2020 8 23 4 8 10.803 36.47784 -81.08672 2.099 0.24 432 2805 4.99 4.46 4.12 0.960 0.000 0.230 3
0000002018 2020 8 23 5 25 43.992 36.50405 -81.07854 -0.007 -0.98 364 2006 32.39 140.71 0.00 29.996 0.000 0.391 3
0000002029 2020 8 23 5 55 1.319 36.50339 -81.07748 -0.007 -0.37 406 2492 59.35 56.84 0.00 15.399 0.000 0.408 3
0000002033 2020 8 23 6 12 22.540 36.49874 -81.09628 -0.007 0.27 464 3069 14.74 17.67 0.00 2.148 0.000 0.243 3
0000002050 2020 8 23 8 10 55.270 36.49981 -81.11520 3.133 -0.80 372 1976 23.50 23.13 44.10 5.333 0.000 0.247 3
0000002053 2020 8 23 8 56 24.483 36.45969 -81.11107 -0.007 -0.93 364 2055 21.67 72.43 0.00 2.851 0.000 0.301 3
0000002056 2020 8 23 9 7 29.947 36.47633 -81.08703 1.918 -0.88 377 2359 5.31 3.43 3.45 1.095 0.000 0.233 3
0000002062 2020 8 23 10 14 5.633 36.47585 -81.08028 -0.007 -0.23 372 2263 4.78 3.13 0.00 0.995 0.000 0.239 3
0000002076 2020 8 23 11 39 22.455 36.47550 -81.08909 1.961 -0.91 389 2453 3.52 3.50 5.33 0.845 0.000 0.254 3
0000002081 2020 8 23 11 57 4.795 36.48639 -81.09328 1.472 -0.30 372 2003 15.42 15.42 17.37 2.946 0.000 0.250 3
0000002082 2020 8 23 12 7 37.229 36.48212 -81.08194 -0.007 NM 2 8 828.89 804.20 357.74 310.522 0.000 0.993 3
0000002086 2020 8 23 13 0 21.773 36.50716 -81.08474 2.587 0.02 20 80 284.45 894.86 877.44 179.125 0.000 0.667 3
0000002108 2020 8 23 21 18 10.335 36.57020 -81.10350 3.576 NM 2 8 222.80 928.87 895.96 233.657 0.000 0.484 3
0000002112 2020 8 23 22 35 7.110 36.48715 -81.10818 -0.007 NM 2 8 610.94 732.13 47.17 205.662 0.000 0.708 3
0000002116 2020 8 23 23 6 49.792 36.48457 -81.09729 1.540 -1.02 372 2003 25.09 27.51 28.69 5.254 0.000 0.252 3
0000002121 2020 8 23 23 44 3.010 36.48880 -81.10335 -0.007 -1.95 8 32 409.65 502.15 50.39 33.772 0.000 0.774 3
0000002123 2020 8 23 23 55 49.213 36.45655 -81.06348 -0.007 -2.81 4 16 418.51 575.17 0.00 156.319 0.000 0.220 3
0000002124 2020 8 24 0 25 1.857 36.46221 -81.09561 2.088 NM 372 2001 9.99 10.84 6.94 1.715 0.000 0.245 3
0000002125 2020 8 24 0 45 14.947 36.48906 -81.06945 3.535 -2.11 12 48 640.49 843.02 735.96 249.808 0.000 0.619 3
0000002151 2020 8 24 4 52 45.908 36.47102 -81.14246 5.956 -1.42 3 8 533.99 621.17 160.32 130.026 0.000 0.175 3
0000002164 2020 8 24 6 49 43.662 36.51426 -81.11949 1.362 0.36 448 2998 10.00 12.94 23.91 1.873 0.000 0.244 3
0000002168 2020 8 24 7 48 3.912 36.53152 -81.11701 -0.007 -1.18 2 8 471.00 786.98 440.55 257.068 0.000 0.522 3
0000002169 2020 8 24 7 58 11.145 36.49388 -81.11044 4.013 NM 374 2271 19.19 18.46 31.41 4.841 0.000 0.263 3
0000002173 2020 8 24 8 28 49.062 36.49973 -81.11568 2.651 -0.45 374 2273 13.54 27.03 41.11 6.151 0.000 0.233 3
0000002179 2020 8 24 9 5 21.465 36.48142 -81.10091 1.425 -0.45 372 2003 23.97 28.91 29.06 4.576 0.000 0.252 3
0000002184 2020 8 24 9 44 23.959 36.47734 -81.09020 2.416 -0.77 374 2013 34.93 35.21 25.63 9.005 0.000 0.247 3
0000002194 2020 8 24 11 40 25.535 36.48503 -81.09129 -0.007 NM 347 1613 14.79 14.97 0.00 1.798 0.000 0.259 3
0000002204 2020 8 24 15 31 47.207 36.48342 -81.08002 2.554 -0.61 354 1908 15.24 11.13 7.28 2.611 0.000 0.243 3
0000002219 2020 8 24 20 22 36.284 36.50051 -81.15691 2.243 -1.35 3 12 717.42 575.84 560.86 164.430 0.000 0.565 3
0000002226 2020 8 24 22 28 32.734 36.47594 -81.08571 1.939 0.44 372 2013 11.58 13.80 7.22 2.043 0.000 0.250 3
0000002229 2020 8 25 0 32 1.595 36.48177 -81.07658 1.899 -1.06 442 2951 27.19 19.04 21.17 2.605 0.000 0.227 3
0000002230 2020 8 25 0 49 26.399 36.51901 -81.12728 -0.007 -1.76 3 12 978.63 799.15 0.00 389.977 0.000 0.939 3
0000002231 2020 8 25 1 9 38.601 36.49952 -81.09129 -0.007 -0.82 20 76 114.61 234.35 0.39 26.265 0.000 0.439 3
0000002233 2020 8 25 1 53 42.948 36.48664 -81.08685 1.696 -0.59 374 2025 22.22 13.54 20.90 4.858 0.000 0.248 3
0000002239 2020 8 25 3 58 46.691 36.48307 -81.09965 0.973 -0.57 5 20 485.98 523.78 884.52 139.637 0.000 0.525 3
0000002240 2020 8 25 4 15 56.884 36.47508 -81.04724 2.151 -1.00 5 20 565.82 781.25 526.75 156.907 0.000 0.590 3
0000002256 2020 8 25 7 35 8.358 36.49784 -81.08782 -0.007 -1.12 3 12 654.83 630.56 391.34 180.257 0.000 0.332 3
0000002258 2020 8 25 8 0 48.921 36.50543 -81.11467 2.775 0.39 473 3183 6.08 6.95 16.02 1.690 0.000 0.217 3
0000002277 2020 8 25 12 29 51.799 36.50270 -81.11623 1.537 -0.31 372 2269 17.28 8.36 22.11 3.354 0.000 0.232 3
0000002278 2020 8 25 13 1 28.867 36.49009 -81.11942 -0.007 NM 2 8 375.13 537.13 0.00 152.027 0.000 0.539 3
0000002280 2020 8 25 13 50 33.361 36.47659 -81.08829 2.131 0.91 446 3012 5.24 6.27 6.50 1.390 0.000 0.245 3
0000002281 2020 8 25 13 51 9.637 36.47727 -81.08828 1.670 -0.17 27 104 107.39 71.55 277.30 48.669 0.000 0.257 3
0000002282 2020 8 25 14 22 9.800 36.48120 -81.09920 4.099 0.46 3 12 847.50 732.31 790.73 186.226 0.000 0.579 3
0000002284 2020 8 25 14 24 11.461 36.46778 -81.09190 1.657 0.31 407 2739 41.37 51.99 24.76 6.033 0.000 0.256 3
0000002285 2020 8 25 14 25 22.930 36.49557 -81.06311 -0.007 -0.93 8 28 849.87 675.03 299.64 193.742 0.000 1.032 3
0000002289 2020 8 25 15 37 22.097 36.48298 -81.08453 1.676 -1.28 372 2013 27.05 19.43 18.61 5.912 0.000 0.252 3
0000002293 2020 8 25 18 10 16.186 36.48209 -81.09386 1.841 -0.07 372 2013 19.68 21.63 23.90 4.597 0.000 0.249 3
0000002303 2020 8 25 20 21 36.307 36.48114 -81.08783 -0.007 NM 336 1557 22.24 5.47 0.00 2.072 0.000 0.259 3
0000002304 2020 8 25 21 29 29.745 36.48520 -81.09808 0.206 -1.12 3 12 432.42 346.65 396.99 97.954 0.000 0.615 3
0000002306 2020 8 25 21 40 16.900 36.45324 -81.08377 -0.007 -0.50 2 4 186.64 203.35 317.34 46.550 0.000 0.018 3
0000002308 2020 8 25 21 52 37.765 36.47100 -81.10015 1.045 0.30 466 3135 21.75 8.19 12.58 2.436 0.000 0.242 3
0000002313 2020 8 25 23 15 7.984 36.47414 -81.10125 0.937 -0.49 18 68 145.89 67.10 439.19 37.073 0.000 0.613 3
0000002319 2020 8 26 0 50 46.640 36.47967 -81.09523 0.751 -1.09 2 8 577.05 562.22 541.07 134.675 0.000 0.209 3
0000002322 2020 8 26 1 30 35.658 36.45543 -81.10819 -0.007 -0.76 2 8 760.44 615.08 147.07 213.170 0.000 0.827 3
0000002328 2020 8 26 3 12 30.043 36.45354 -81.05254 0.960 0.14 14 56 670.00 575.03 815.99 205.621 0.000 0.781 3
0000002329 2020 8 26 3 19 46.473 36.46749 -81.09281 -0.007 NM 4 16 362.95 406.90 296.77 115.571 0.000 0.611 3
0000002341 2020 8 26 5 1 17.373 36.46979 -81.10759 -0.007 -1.81 6 24 436.60 344.71 0.00 142.226 0.000 0.387 3
0000002343 2020 8 26 5 29 38.870 36.48330 -81.08310 2.049 -0.47 411 2632 12.40 6.88 7.44 1.031 0.000 0.244 3
0000002347 2020 8 26 6 48 17.661 36.47501 -81.08743 2.211 -0.42 410 2635 4.92 6.93 8.29 1.324 0.000 0.247 3
0000002348 2020 8 26 6 51 37.175 36.47429 -81.08837 1.619 1.80 458 3262 15.12 17.76 6.63 2.910 0.000 0.292 3
0000002350 2020 8 26 7 1 37.491 36.46906 -81.10043 2.493 -0.62 372 2021 13.22 16.98 7.10 2.790 0.000 0.244 3
0000002360 2020 8 26 10 32 43.336 36.48058 -81.06988 0.001 NM 2 8 910.24 882.53 468.02 379.103 0.000 0.879 3
0000002366 2020 8 26 13 47 19.285 36.47332 -81.09140 1.926 0.32 410 2747 16.20 15.63 3.84 1.887 0.000 0.245 3
0000002384 2020 8 26 19 39 11.590 36.47813 -81.09445 4.248 -1.03 2 8 812.54 805.84 735.45 182.675 0.000 0.416 3
0000002395 2020 8 26 22 51 40.986 36.49818 -81.10205 3.191 0.05 355 2088 8.26 8.76 11.51 2.097 0.000 0.206 3
0000002397 2020 8 27 0 24 50.938 36.46954 -81.02654 -0.007 -0.73 13 52 556.83 251.50 0.00 169.808 0.000 0.466 3
0000002399 2020 8 27 0 45 44.276 36.48555 -81.09172 2.159 -1.32 2 8 557.48 561.90 485.97 125.596 0.000 0.222 3
0000002408 2020 8 27 5 18 10.431 36.50460 -81.10422 -0.007 -1.49 3 12 653.31 514.04 303.37 180.852 0.000 0.579 3
0000002417 2020 8 27 7 10 39.539 36.47029 -81.09434 2.037 0.48 430 2956 6.21 9.68 7.31 2.346 0.000 0.221 3
0000002418 2020 8 27 7 11 24.923 36.47156 -81.09433 1.622 2.11 471 3683 3.61 5.28 12.55 2.225 0.000 0.321 3
0000002419 2020 8 27 7 14 2.196 36.51004 -81.08192 2.536 -1.18 5 20 356.58 768.83 960.95 189.957 0.000 0.419 3
0000002428 2020 8 27 9 19 4.839 36.47332 -81.10069 -0.007 NM 2 8 322.22 252.68 0.00 163.285 0.000 0.477 3
0000002435 2020 8 27 14 27 58.609 36.49599 -81.11263 3.313 0.09 475 3170 8.16 17.70 13.69 2.843 0.000 0.379 3
0000002439 2020 8 27 16 41 38.438 36.47268 -81.09688 1.791 -0.49 372 2023 13.14 14.06 7.23 2.281 0.000 0.249 3
0000002440 2020 8 27 16 44 1.599 36.46207 -81.09686 1.581 -0.61 372 2141 11.07 13.74 12.38 2.702 0.000 0.236 3
0000002442 2020 8 27 16 52 29.780 36.50808 -81.07317 10.556 -1.30 5 20 798.22 840.28 854.92 234.001 0.000 0.383 3
0000002445 2020 8 27 18 34 35.896 36.50726 -81.10900 2.492 -0.68 13 52 454.40 364.69 861.00 239.595 0.000 0.623 3
0000002459 2020 8 27 22 54 47.283 36.48473 -81.13777 -0.007 -0.81 2 8 634.61 444.72 152.04 230.072 0.000 0.410 3
0000002472 2020 8 28 2 23 46.785 36.41542 -81.01786 9.626 -1.47 19 76 674.31 825.60 582.72 171.304 0.000 0.719 3
0000002474 2020 8 28 2 46 1.222 36.55420 -81.09244 -0.007 NM 4 12 898.50 780.04 0.00 726.046 0.000 1.253 3
0000002478 2020 8 28 3 25 7.256 36.49800 -81.11855 -0.007 -0.82 343 1624 7.60 9.58 0.00 2.054 0.000 0.246 3
0000002484 2020 8 28 4 11 59.530 36.51097 -81.12818 5.225 -0.16 28 108 371.56 298.94 472.74 154.891 0.000 0.561 3
0000002496 2020 8 28 7 40 51.995 36.49594 -81.13078 -0.007 -0.86 2 8 767.33 449.62 417.87 196.738 0.000 0.667 3
0000002499 2020 8 28 8 59 58.263 36.50451 -81.12592 -0.007 -0.55 414 2652 8.67 6.72 0.00 2.456 0.000 0.264 3
0000002502 2020 8 28 9 54 9.498 36.48987 -81.07787 0.066 0.46 471 3201 24.61 13.73 27.64 3.392 0.000 0.244 3
0000002510 2020 8 28 15 53 7.591 36.45957 -81.11050 -0.007 0.17 364 2120 26.82 197.81 0.00 5.190 0.000 0.300 3
0000002511 2020 8 28 16 15 45.636 36.45936 -81.11021 -0.007 -0.39 364 2130 29.17 221.20 0.00 5.385 0.000 0.332 3
0000002514 2020 8 28 16 21 28.688 36.47141 -81.09707 1.357 -0.60 434 2653 11.48 14.67 9.71 2.706 0.000 0.283 3
0000002527 2020 8 28 21 50 34.021 36.44416 -81.09642 6.781 -0.86 13 52 710.80 489.05 772.78 240.258 0.000 0.815 3
0000002531 2020 8 29 0 8 20.441 36.50124 -81.06804 10.716 -1.93 6 20 999.04 788.74 999.02 316.840 0.000 0.979 3
0000002532 2020 8 29 0 56 17.817 36.49534 -81.04366 4.885 -1.33 8 32 927.86 749.82 999.02 185.653 0.000 0.981 3
0000002535 2020 8 29 1 22 3.309 36.51199 -81.12530 -0.007 -0.37 419 2853 18.46 11.37 0.00 3.459 0.000 0.273 3
0000002537 2020 8 29 2 26 19.632 36.50958 -81.10883 3.008 0.24 472 3232 10.54 15.71 14.04 2.649 0.000 0.245 3
0000002539 2020 8 29 4 49 49.777 36.51480 -81.12080 -0.007 NM 2 8 751.74 878.04 0.29 352.418 0.000 1.001 3
0000002541 2020 8 29 5 12 0.005 36.48387 -81.09719 1.340 -1.09 4 16 549.82 397.17 443.60 98.178 0.000 0.479 3
0000002544 2020 8 29 6 57 40.200 36.45695 -81.08157 -0.007 -1.01 8 32 329.01 528.70 394.89 96.718 0.000 0.489 3
0000002545 2020 8 29 7 6 45.738 36.45203 -81.11295 0.589 NM 4 16 544.15 742.08 439.19 226.396 0.000 0.737 3
0000002553 2020 8 29 12 42 7.911 36.49578 -81.07631 -0.007 -1.78 7 28 779.15 587.39 0.00 210.532 0.000 0.945 3
0000002568 2020 8 29 18 30 30.322 36.50428 -81.12413 0.087 -0.42 446 3046 6.94 8.84 105.04 3.775 0.000 0.242 3
0000002569 2020 8 29 18 41 46.383 36.50713 -81.09785 3.907 -0.68 11 44 565.40 418.60 753.34 154.303 0.000 0.588 3
0000002570 2020 8 29 18 45 25.731 36.44693 -81.06913 10.415 -1.75 5 20 872.82 768.37 861.01 282.044 0.000 1.057 3
0000002571 2020 8 29 19 35 52.718 36.48153 -81.08599 2.343 -1.01 11 44 403.25 492.23 473.67 150.121 0.000 0.890 3
0000002572 2020 8 29 20 29 15.466 36.51537 -81.14346 -0.007 0.04 6 24 866.20 873.81 0.00 295.769 0.000 0.670 3
0000002577 2020 8 29 22 3 50.980 36.56976 -81.09483 -0.007 NM 4 16 972.36 978.37 399.61 482.901 0.000 1.301 3
0000002580 2020 8 29 22 13 26.922 36.51018 -81.11173 9.845 -1.95 4 16 894.86 852.90 894.90 243.731 0.000 0.873 3
0000002583 2020 8 29 23 47 12.854 36.45381 -81.02975 10.286 -1.93 5 20 825.54 998.93 949.05 398.502 0.000 0.822 3
0000002586 2020 8 30 1 24 22.030 36.50642 -81.11330 2.251 -0.02 372 2073 11.62 6.46 37.70 5.161 0.000 0.242 3
0000002602 2020 8 30 5 49 28.395 36.49675 -81.09279 0.893 -1.17 23 92 253.69 186.35 492.52 73.280 0.000 0.445 3
0000002603 2020 8 30 6 27 8.383 36.47554 -81.08920 1.744 -0.39 443 3060 6.17 4.08 4.71 1.111 0.000 0.235 3
0000002604 2020 8 30 7 39 31.397 36.48738 -81.08984 2.993 NM 420 2872 27.49 5.48 5.18 2.389 0.000 0.228 3
0000002609 2020 8 30 9 55 32.572 36.50396 -81.11785 2.253 -0.82 420 2878 8.61 10.93 16.88 2.645 0.000 0.248 3
0000002613 2020 8 30 11 40 24.138 36.47705 -81.08845 1.873 0.40 442 3061 2.70 4.29 6.65 0.996 0.000 0.229 3
0000002615 2020 8 30 12 1 0.271 36.44917 -81.05482 10.726 -1.09 16 64 782.58 804.97 201.56 105.620 0.000 0.679 3
0000002618 2020 8 30 12 19 25.758 36.47021 -81.06187 3.341 -1.86 6 24 855.42 445.26 684.15 141.015 0.000 0.602 3
0000002623 2020 8 30 14 35 22.864 36.50622 -81.11140 3.238 1.19 470 3241 6.94 13.83 14.08 3.102 0.000 0.223 3
0000002633 2020 8 30 19 54 59.576 36.46378 -81.11970 2.830 -1.41 4 16 782.31 538.83 521.73 208.088 0.000 0.249 3
0000002634 2020 8 30 20 7 34.232 36.47928 -81.10583 5.816 -0.72 16 64 625.79 537.27 783.60 245.004 0.000 0.603 3
0000002640 2020 8 30 22 7 50.741 36.49723 -81.09473 1.042 -0.13 21 84 194.10 97.29 529.69 50.747 0.000 0.499 3
0000002641 2020 8 30 22 20 22.861 36.48652 -81.09454 -0.007 NM 439 3045 20.89 33.43 0.00 6.044 0.000 0.245 3
0000002643 2020 8 30 23 48 29.014 36.49897 -81.09106 1.816 -1.18 471 3229 19.83 15.19 19.98 3.065 0.000 0.230 3
0000002646 2020 8 31 1 34 43.848 36.47746 -80.76698 -0.007 1.94 5 24 647.02 864.15 320.00 175.017 0.000 1.149 3
0000002650 2020 8 31 3 20 13.574 36.54826 -81.03624 2.849 -1.71 17 68 625.90 799.24 896.67 220.677 0.000 0.494 3
0000002652 2020 8 31 4 11 43.653 36.48229 -81.07893 2.282 -1.34 13 52 255.57 426.83 366.77 67.676 0.000 0.507 3
0000002658 2020 8 31 6 43 1.549 36.46868 -81.07968 10.726 -1.18 25 100 768.95 823.97 383.79 114.307 0.000 0.836 3
0000002660 2020 8 31 7 0 46.769 36.49306 -81.09338 3.773 -0.51 447 3059 9.31 8.87 8.74 2.041 0.000 0.231 3
0000002661 2020 8 31 7 5 23.515 36.49020 -81.07487 0.504 1.68 522 3713 9.42 4.27 27.96 2.686 0.000 0.279 3
0000002666 2020 8 31 11 1 18.138 36.51793 -81.12364 -0.007 -0.89 6 24 688.55 569.22 150.24 226.595 0.000 0.861 3
0000002670 2020 8 31 11 53 7.093 36.50346 -81.09628 3.241 0.36 461 3204 103.23 36.80 101.88 12.456 0.000 0.251 3
0000002676 2020 8 31 17 31 1.610 36.47762 -81.10081 1.426 -1.05 374 2101 18.24 21.56 19.64 3.845 0.000 0.246 3
0000002677 2020 8 31 19 27 59.941 36.50458 -81.14995 9.946 -1.75 5 20 659.94 646.54 893.55 181.059 0.000 0.318 3
0000002679 2020 8 31 19 48 24.558 36.45397 -81.10925 -0.007 -0.29 2 8 558.65 817.16 447.49 208.324 0.000 0.415 3
0000002683 2020 8 31 21 21 18.231 36.47284 -81.08359 2.008 -1.28 7 28 594.62 569.68 670.69 194.329 0.000 0.515 3
0000002685 2020 8 31 21 50 32.108 36.46743 -81.10345 -0.007 0.32 372 2097 22.12 15.24 0.00 5.344 0.000 0.395 3
0000002696 2020 9 1 1 27 30.531 36.48546 -81.09247 -0.007 -0.53 372 2117 21.56 61.15 0.00 9.149 0.000 0.256 3
0000002701 2020 9 1 3 41 12.717 36.53059 -81.07026 10.286 -1.40 23 92 282.09 617.79 722.42 146.219 0.000 1.009 3
0000002709 2020 9 1 5 59 15.129 36.49666 -81.11065 2.995 -1.25 30 120 150.65 122.57 683.48 128.059 0.000 0.721 3
0000002711 2020 9 1 6 34 2.680 36.47885 -81.10446 0.001 NM 6 24 841.70 205.73 454.13 156.351 0.000 0.505 3
0000002716 2020 9 1 7 58 26.169 36.40142 -81.08396 11.206 NM 3 12 910.50 978.75 915.56 169.344 0.000 0.947 3
0000002718 2020 9 1 9 26 18.456 36.48375 -81.11208 0.766 NM 2 8 872.07 323.52 580.86 252.986 0.000 0.360 3
0000002724 2020 9 1 13 30 53.353 36.50930 -81.12718 1.560 -0.06 419 2939 16.16 20.29 74.31 3.954 0.000 0.223 3
0000002726 2020 9 1 19 7 31.720 36.48615 -81.08803 -0.007 NM 2 8 702.90 558.34 314.06 287.437 0.000 0.679 3
0000002738 2020 9 2 0 38 0.405 36.44473 -81.04423 -0.007 -1.56 16 64 450.33 672.13 457.81 214.699 0.000 0.587 3
0000002745 2020 9 2 3 23 58.330 36.47642 -81.09212 3.000 -0.60 423 2952 16.19 15.60 15.50 4.947 0.000 0.221 3
0000002754 2020 9 2 6 48 47.905 36.48500 -81.07059 -0.007 NM 372 2125 116.91 20.20 0.00 6.597 0.000 0.273 3
0000002760 2020 9 2 8 34 16.843 36.49662 -81.08468 1.886 -0.05 467 3271 7.95 8.63 10.39 2.366 0.000 0.234 3
0000002766 2020 9 2 10 20 37.767 36.49832 -81.11951 2.751 -0.40 462 3228 55.94 48.92 43.63 7.030 0.000 0.228 3
0000002767 2020 9 2 11 54 44.212 36.50357 -81.11658 0.361 -0.36 372 2393 7.35 8.57 44.52 3.156 0.000 0.228 3
0000002768 2020 9 2 12 21 45.638 36.46694 -81.07079 0.131 -0.40 6 24 622.47 545.71 471.31 175.694 0.000 0.712 3
0000002769 2020 9 2 12 27 27.391 36.46703 -81.05748 10.396 -0.87 26 104 626.50 575.71 599.41 106.634 0.000 0.620 3
0000002774 2020 9 2 19 21 31.679 36.49162 -81.11928 0.354 -1.10 7 28 392.15 149.60 507.19 108.602 0.000 0.663 3
0000002795 2020 9 3 11 43 50.553 36.49690 -81.11691 0.741 NM 11 44 258.65 235.42 825.32 90.370 0.000 0.603 3
0000002806 2020 9 3 18 24 3.175 36.49368 -81.04460 -0.008 -1.35 2 8 750.74 802.60 212.94 244.863 0.000 0.495 3
